5.147118568420410156e-01
2.299420684576034546e-01
7.049946784973144531e-01
-6.244242787361145020e-01
-5.488726496696472168e-01
1.075806096196174622e-02
2.995919585227966309e-01
7.402594685554504395e-01
-5.209592580795288086e-01
2.599208652973175049e-01
7.230210900306701660e-01
7.728766649961471558e-02
-3.646301031112670898e-01
2.100498676300048828e-01
-4.078736603260040283e-01
-1.559001803398132324e-01
1.248181983828544617e-01
7.207866907119750977e-01
-9.163475781679153442e-02
-9.779180586338043213e-02
3.133639395236968994e-01
2.128277271986007690e-01
-2.042563110589981079e-01
4.158357977867126465e-01
-3.522848188877105713e-01
2.129899114370346069e-01
-8.299353532493114471e-03
-4.975740611553192139e-01
-2.412447184324264526e-01
-5.474597811698913574e-01
-5.434527993202209473e-03
-1.090671941637992859e-01
-7.705517411231994629e-01
1.576355099678039551e-01
1.657744199037551880e-01
8.027531951665878296e-02
-5.922130346298217773e-01
5.799104571342468262e-01
4.553790986537933350e-01
-1.996408998966217041e-01
-2.636220157146453857e-01
7.463601827621459961e-01
-1.100347414612770081e-01
-3.323511183261871338e-01
1.945397555828094482e-01
2.137899249792098999e-01
3.097228705883026123e-01
-2.303155697882175446e-02
-3.018065392971038818e-01
-5.800619721412658691e-01
3.325587883591651917e-02
2.914533913135528564e-01
3.705523610115051270e-01
-5.135410651564598083e-02
3.654934763908386230e-01
2.543340623378753662e-01
-1.234586760401725769e-01
6.175646185874938965e-02
1.651744693517684937e-01
-2.784214913845062256e-02
-3.103740327060222626e-02
-4.885205253958702087e-02
2.517013847827911377e-01
4.962341487407684326e-01
2.692505121231079102e-01
3.670230880379676819e-02
-5.237507224082946777e-01
3.334677517414093018e-01
-2.558318078517913818e-01
3.421437442302703857e-01
2.308558672666549683e-01
1.333320438861846924e-01
-4.812103509902954102e-02
6.044440269470214844e-01
-1.548666059970855713e-01
-2.350029349327087402e-01
-1.616793721914291382e-01
1.411682069301605225e-01
-4.079396128654479980e-01
1.292991340160369873e-01
3.352548778057098389e-01
1.473374515771865845e-01
1.407099664211273193e-01
4.988907277584075928e-01
-1.317715346813201904e-01
5.001453161239624023e-01
4.905654788017272949e-01
-1.295008417218923569e-02
-4.033677577972412109e-01
2.758482284843921661e-02
-2.676688134670257568e-01
8.628313988447189331e-02
-2.532150149345397949e-01
-5.443351268768310547e-01
-1.706393510103225708e-01
-7.390445470809936523e-01
3.309183418750762939e-01
-5.090359449386596680e-01
4.351181685924530029e-01
4.238147661089897156e-02
-4.078058600425720215e-01
8.441259264945983887e-01
3.341050744056701660e-01
-2.484175264835357666e-01
-3.680552840232849121e-01
-3.666533529758453369e-01
-6.036756094545125961e-03
-1.731129288673400879e-01
-3.400043770670890808e-02
-1.577935814857482910e-01
7.120118141174316406e-01
2.028586342930793762e-02
5.559470057487487793e-01
7.639731764793395996e-01
-5.543531179428100586e-01
4.283906817436218262e-01
2.741070091724395752e-01
-1.126238033175468445e-01
1.359979987144470215e+00
5.911163091659545898e-01
-3.715704083442687988e-01
2.232735306024551392e-01
3.626618161797523499e-02
2.400663048028945923e-01
-4.604555070400238037e-01
-2.613767683506011963e-01
2.745500206947326660e-01
-3.673777580261230469e-01
