1.429183185100555420e-01
-1.642158627510070801e-02
-4.776241548825055361e-04
-2.359431982040405273e-02
-2.375654131174087524e-01
-1.236513853073120117e-01
1.069785654544830322e-01
4.600166156888008118e-02
2.411895617842674255e-02
-8.624196052551269531e-02
3.366425931453704834e-01
-2.672390937805175781e-01
-3.708400130271911621e-01
-4.107656776905059814e-01
2.164779603481292725e-01
-3.684926331043243408e-01
1.352066695690155029e-01
3.681569695472717285e-01
1.353635638952255249e-01
-3.732750415802001953e-01
4.347353242337703705e-03
1.638357937335968018e-01
2.264636009931564331e-01
-1.421296149492263794e-01
-4.907645285129547119e-01
3.751277178525924683e-02
9.556772559881210327e-02
6.413429230451583862e-02
7.349670678377151489e-02
-5.371941328048706055e-01
-1.321938633918762207e-01
-1.230359449982643127e-01
-1.010611071251332760e-03
-1.777595132589340210e-01
-2.490764707326889038e-01
-3.932438194751739502e-01
6.705436110496520996e-02
3.330963253974914551e-01
3.490639925003051758e-01
-3.235988020896911621e-01
8.798098564147949219e-02
3.598349988460540771e-01
-4.652289748191833496e-01
8.033586293458938599e-02
4.144358336925506592e-01
3.290698826313018799e-01
-1.597484797239303589e-01
-7.486429810523986816e-02
6.126282364130020142e-02
-2.607461214065551758e-01
1.596628129482269287e-01
-3.529569879174232483e-02
3.189214169979095459e-01
-2.521319091320037842e-01
3.735053539276123047e-01
2.722879648208618164e-01
-7.278396934270858765e-02
-1.292176917195320129e-02
-1.696368306875228882e-01
-1.704477220773696899e-01
3.179877698421478271e-01
1.982375383377075195e-01
9.828160703182220459e-02
-1.056598722934722900e-01
-1.841922849416732788e-01
-1.870208382606506348e-01
-1.578055508434772491e-02
3.391427099704742432e-01
-2.033935785293579102e-01
-4.411521553993225098e-01
1.142067164182662964e-01
-2.161494642496109009e-01
-2.139333486557006836e-01
-8.033470809459686279e-02
-2.467227280139923096e-01
-4.830443859100341797e-02
1.278434842824935913e-01
-1.067647635936737061e-01
-2.139096260070800781e-01
4.916849732398986816e-01
1.368857622146606445e-01
-1.519472002983093262e-01
3.960532248020172119e-01
2.860480844974517822e-01
1.233228966593742371e-01
2.045987546443939209e-01
5.446172356605529785e-01
-8.041871190071105957e-01
3.984543383121490479e-01
4.990133345127105713e-01
-4.433385729789733887e-01
-2.968278527259826660e-01
-1.100535392761230469e-01
2.467772364616394043e-01
4.023343920707702637e-01
-1.430681496858596802e-01
-7.067246437072753906e-01
-3.948617279529571533e-01
8.982818573713302612e-02
-1.345864236354827881e-01
-2.547676563262939453e-01
1.681668460369110107e-01
4.878090023994445801e-01
-2.379805743694305420e-01
5.972304940223693848e-02
-1.647554337978363037e-01
-2.276677079498767853e-02
-5.530483722686767578e-01
1.451853476464748383e-02
-2.977843284606933594e-01
1.033530160784721375e-01
-6.034114584326744080e-02
1.887297257781028748e-02
1.052112728357315063e-01
-2.204442918300628662e-01
-1.602963358163833618e-01
3.223491013050079346e-01
-2.829227969050407410e-02
4.413307011127471924e-01
2.080485075712203979e-01
-3.722069263458251953e-01
-3.394465744495391846e-01
9.111081063747406006e-02
2.991339564323425293e-01
-2.439221292734146118e-01
-2.848109304904937744e-01
5.372411385178565979e-02
-1.788450479507446289e-01
