-2.464334517717361450e-01
-1.426792442798614502e-01
3.437521457672119141e-01
-7.128530740737915039e-01
-3.918103873729705811e-01
-1.399946808815002441e-01
2.190078198909759521e-01
-3.796293437480926514e-01
-4.378750324249267578e-01
1.659382432699203491e-01
4.515027403831481934e-01
-1.678937077522277832e-01
-5.402150005102157593e-02
6.131891161203384399e-02
1.932182013988494873e-01
-1.901084780693054199e-01
-4.668643772602081299e-01
5.328426361083984375e-01
-1.707572191953659058e-01
-2.254604995250701904e-01
-1.202534884214401245e-01
2.358908802270889282e-01
1.862774938344955444e-01
1.443661749362945557e-01
-7.177338004112243652e-01
1.468642801046371460e-01
1.164463087916374207e-01
2.404815703630447388e-01
-1.005096584558486938e-01
-8.640079200267791748e-02
1.952964998781681061e-02
8.697271347045898438e-02
-3.913868963718414307e-01
4.701055586338043213e-02
-1.820745170116424561e-01
-1.573936641216278076e-01
2.716566249728202820e-02
2.634041011333465576e-01
4.723297357559204102e-01
-1.638924032449722290e-01
5.096794292330741882e-02
-4.790946096181869507e-02
3.665763512253761292e-02
1.301793456077575684e-01
1.737391203641891479e-01
6.652669906616210938e-01
-5.656211869791150093e-04
1.779697388410568237e-01
5.488314032554626465e-01
-1.088301166892051697e-01
3.922959566116333008e-01
3.424652218818664551e-01
5.636890530586242676e-01
4.883513227105140686e-02
3.441661894321441650e-01
4.223423004150390625e-01
-2.626997828483581543e-01
-1.963716596364974976e-01
5.101015567779541016e-01
-2.417578846216201782e-01
2.116105556488037109e-01
-2.314106523990631104e-01
3.433583974838256836e-01
8.224011398851871490e-03
2.581170201301574707e-01
-4.306931197643280029e-01
3.935385644435882568e-01
7.386974245309829712e-02
1.923399120569229126e-01
-3.692798018455505371e-01
3.277085125446319580e-01
-3.790168464183807373e-01
-3.641114532947540283e-01
8.396899327635765076e-03
1.643479987978935242e-02
-2.062072455883026123e-01
3.192772269248962402e-01
-3.245665132999420166e-01
6.953825801610946655e-02
1.198120713233947754e+00
1.667592972517013550e-01
-6.475491076707839966e-02
7.703935503959655762e-01
4.249196946620941162e-01
-4.881245642900466919e-02
4.377065300941467285e-01
6.875442713499069214e-02
-3.892507553100585938e-01
4.015906453132629395e-01
3.031501173973083496e-01
-2.797994017601013184e-01
-2.902157902717590332e-01
-1.692903339862823486e-01
1.806697845458984375e-01
5.703343152999877930e-01
-3.023252487182617188e-01
-7.722305059432983398e-01
-2.286676019430160522e-01
1.732386648654937744e-01
-2.441092729568481445e-01
-1.425413191318511963e-01
3.282454311847686768e-01
5.806199908256530762e-01
-3.148828744888305664e-01
-2.660306729376316071e-02
8.309876546263694763e-03
-1.714203655719757080e-01
6.534004211425781250e-02
1.001042798161506653e-01
-1.855193227529525757e-01
1.826138645410537720e-01
-4.098408818244934082e-01
6.162260100245475769e-02
7.828201353549957275e-02
5.386460945010185242e-02
2.637615799903869629e-01
-1.388767510652542114e-01
1.588739454746246338e-01
2.214745879173278809e-01
4.768211394548416138e-02
-4.567917287349700928e-01
5.786385014653205872e-02
1.273209452629089355e-01
7.755170017480850220e-02
2.785005271434783936e-01
-3.915929198265075684e-01
-5.949496030807495117e-01
-1.817885041236877441e-01
