7.082773745059967041e-02
1.590706408023834229e-01
6.902521848678588867e-01
-2.695160806179046631e-01
-2.158878445625305176e-01
-5.959415342658758163e-03
1.639472395181655884e-01
2.128512598574161530e-02
-9.105413407087326050e-02
1.881938986480236053e-02
3.597395122051239014e-02
-6.482391953468322754e-01
-3.504966497421264648e-01
-1.152941510081291199e-01
-2.050992697477340698e-01
-3.688478469848632812e-01
7.307473570108413696e-02
2.121545970439910889e-01
-2.312501668930053711e-01
-2.152657508850097656e-01
2.844063639640808105e-01
7.276107091456651688e-03
1.471125632524490356e-01
-3.529899418354034424e-01
-4.050703942775726318e-01
-3.703831462189555168e-03
-1.646168678998947144e-01
6.368625164031982422e-01
-2.060031592845916748e-01
-4.683045446872711182e-01
-5.068693310022354126e-02
-7.831935882568359375e-01
-8.194398134946823120e-02
-5.636615306138992310e-02
-1.069877818226814270e-01
1.021186932921409607e-01
-3.503472357988357544e-02
-1.005582660436630249e-01
2.296446114778518677e-01
-3.472482264041900635e-01
-2.091869115829467773e-01
2.790514230728149414e-01
1.002730429172515869e-01
8.845015615224838257e-02
2.493871003389358521e-01
6.887924671173095703e-01
3.555842041969299316e-01
8.670669049024581909e-03
2.378531843423843384e-01
3.396212458610534668e-01
2.162515968084335327e-01
-2.774794995784759521e-01
3.858049213886260986e-01
1.674550026655197144e-01
5.600370168685913086e-01
7.384117841720581055e-01
5.274316668510437012e-01
6.736084222793579102e-01
-1.671398878097534180e-01
3.090164065361022949e-01
4.315793514251708984e-03
4.760753810405731201e-01
9.658490866422653198e-02
-1.102670282125473022e-01
2.686949074268341064e-01
9.915006905794143677e-02
1.811340637505054474e-02
2.874275743961334229e-01
2.335008829832077026e-01
-5.492254495620727539e-01
-4.755206406116485596e-01
1.217332202941179276e-02
-2.329027801752090454e-01
1.722071915864944458e-01
1.650423556566238403e-01
-4.704705178737640381e-01
1.535146236419677734e-01
1.017654985189437866e-01
-4.077085554599761963e-01
8.973141014575958252e-02
2.525534033775329590e-01
1.869800686836242676e-01
1.409820001572370529e-02
9.087025523185729980e-01
7.399376034736633301e-01
-2.496613115072250366e-01
3.450513482093811035e-01
-6.359452009201049805e-01
-2.642346918582916260e-01
5.236997008323669434e-01
5.261322483420372009e-02
-1.519019454717636108e-01
-1.513093858957290649e-01
-2.138890773057937622e-01
3.612333834171295166e-01
-2.648908197879791260e-01
7.452581822872161865e-02
-4.981994628906250000e-01
-4.916451871395111084e-01
-4.400865435600280762e-01
-6.468130946159362793e-01
1.188296526670455933e-01
4.169627428054809570e-01
4.042119253426790237e-03
1.169472709298133850e-01
3.333609402179718018e-01
-2.284284830093383789e-01
-5.999605059623718262e-01
2.616069614887237549e-01
-5.755705833435058594e-01
6.447255015373229980e-01
-2.196849733591079712e-01
4.551035761833190918e-01
-4.464052021503448486e-01
1.813028007745742798e-01
3.120757043361663818e-01
3.004508316516876221e-01
2.927249968051910400e-01
7.002545893192291260e-02
1.621688306331634521e-01
2.720339000225067139e-01
4.283615052700042725e-01
-3.730899989604949951e-01
6.806345283985137939e-02
-2.645122706890106201e-01
-1.742627024650573730e-01
-6.805743575096130371e-01
-1.272527724504470825e-01
