-3.014151751995086670e-01
-2.479954808950424194e-01
4.171352088451385498e-01
-1.074975013732910156e+00
-3.264602720737457275e-01
-2.385450303554534912e-01
-8.947898149490356445e-01
4.762412011623382568e-01
-1.925058811902999878e-01
-1.864055693149566650e-01
-1.795070171356201172e-01
2.342078387737274170e-01
-7.984372228384017944e-02
4.787938296794891357e-01
1.053299903869628906e+00
-3.094015717506408691e-01
1.204680278897285461e-01
1.371407210826873779e-01
1.480017155408859253e-01
-2.183494865894317627e-01
4.043056964874267578e-01
-8.091311454772949219e-01
-4.474492073059082031e-01
-6.013136506080627441e-01
-1.240190863609313965e+00
-7.117526978254318237e-02
-8.706896565854549408e-03
1.009170651435852051e+00
2.081220895051956177e-01
5.986996293067932129e-01
3.371931016445159912e-01
-4.651577770709991455e-01
-4.127793312072753906e-01
2.746317684650421143e-01
-1.173655614256858826e-01
-7.246093153953552246e-01
-1.164133846759796143e-01
1.330241113901138306e-01
4.621799886226654053e-01
4.208963364362716675e-02
-1.350326240062713623e-01
-2.023012787103652954e-01
-3.737489879131317139e-01
6.254435181617736816e-01
-6.631675362586975098e-02
6.283719539642333984e-01
-3.386424779891967773e-01
2.425689846277236938e-01
-4.653055593371391296e-02
4.463315010070800781e-01
1.521622985601425171e-01
-9.469410777091979980e-02
1.245857030153274536e-01
-2.749903872609138489e-02
-4.570485651493072510e-01
2.593973875045776367e-01
2.357051074504852295e-01
-1.498326808214187622e-01
-4.520863294601440430e-01
5.914152860641479492e-01
3.073416948318481445e-01
9.891131520271301270e-01
-4.933453723788261414e-02
2.207677662372589111e-01
-4.783609136939048767e-02
9.957853704690933228e-03
-1.083893235772848129e-02
3.207519650459289551e-01
4.548179507255554199e-01
-4.252595901489257812e-01
-5.356751084327697754e-01
-2.327633649110794067e-01
-1.553220897912979126e-01
-1.266905218362808228e-01
-6.191428899765014648e-01
-3.526127636432647705e-01
-5.136138200759887695e-01
5.685055851936340332e-01
9.396372735500335693e-02
7.047747373580932617e-01
3.956807255744934082e-01
-9.631450176239013672e-01
-2.330872267484664917e-01
5.577914714813232422e-01
1.608940064907073975e-01
-1.099642515182495117e-01
1.861435472965240479e-01
-7.042306661605834961e-02
4.387995302677154541e-01
3.688995838165283203e-01
-5.941229313611984253e-02
-1.609622240066528320e-01
8.910039067268371582e-01
-5.156024545431137085e-02
-4.973405599594116211e-01
-1.867276430130004883e-01
5.188169479370117188e-01
-4.329373538494110107e-01
-3.657704889774322510e-01
-3.748468756675720215e-01
-1.263191938400268555e+00
3.795807659626007080e-01
-1.409439146518707275e-01
9.175251126289367676e-01
-1.633460074663162231e-01
-1.436895132064819336e-01
-5.297491550445556641e-01
-3.654494881629943848e-01
7.134764790534973145e-01
3.316753208637237549e-01
6.518326997756958008e-01
-8.254290223121643066e-01
-2.980248034000396729e-01
-1.469860076904296875e-01
-6.689556241035461426e-01
7.387118339538574219e-01
3.971139490604400635e-01
-3.178066313266754150e-01
8.562299013137817383e-01
4.462620317935943604e-01
-1.932625770568847656e-01
-2.937318384647369385e-01
7.341647148132324219e-01
-3.238255381584167480e-01
-8.653296232223510742e-01
-7.302150726318359375e-01
2.845258414745330811e-01
-5.247390270233154297e-01
