4.195851683616638184e-01
2.672265470027923584e-01
8.056030273437500000e-01
5.548857897520065308e-02
-6.029331088066101074e-01
3.096999228000640869e-02
4.296733736991882324e-01
-1.162438020110130310e-01
-3.625232875347137451e-01
-2.270010858774185181e-02
-6.050472706556320190e-02
6.453522294759750366e-02
-3.406295180320739746e-01
2.767681479454040527e-01
6.727226972579956055e-01
6.052879691123962402e-01
-3.795827031135559082e-01
-7.632358074188232422e-01
-3.637786582112312317e-02
7.783868312835693359e-01
7.798639684915542603e-02
-7.826266288757324219e-01
4.009093940258026123e-01
-4.657701253890991211e-01
-4.361643195152282715e-01
3.389992415904998779e-01
-1.174528837203979492e+00
-3.455761820077896118e-02
2.509508728981018066e-01
-6.880275607109069824e-01
5.420053601264953613e-01
-5.858899354934692383e-01
-7.478151237592101097e-04
-6.211323291063308716e-02
1.059441044926643372e-01
-6.766521334648132324e-01
-2.333308309316635132e-01
-6.154845468699932098e-03
3.404664993286132812e-01
-2.453061938285827637e-02
-1.099946498870849609e-01
6.707460433244705200e-02
-4.176363348960876465e-01
-7.631953358650207520e-01
6.477336287498474121e-01
1.687571704387664795e-01
2.872943580150604248e-01
-2.777722179889678955e-01
1.174905523657798767e-01
-7.419520616531372070e-02
4.985871016979217529e-01
-2.048818767070770264e-01
6.892606019973754883e-01
-1.713687032461166382e-01
-2.149972319602966309e-01
1.961364746093750000e-01
5.626971721649169922e-01
-4.872598126530647278e-02
1.788606494665145874e-01
2.517056763172149658e-01
1.360927373170852661e-01
6.847628951072692871e-01
1.079442724585533142e-01
1.152551174163818359e+00
4.036901295185089111e-01
-8.756992220878601074e-01
-1.899657584726810455e-02
3.494725525379180908e-01
1.919486224651336670e-01
-7.371968030929565430e-01
-4.919975399971008301e-01
3.004188239574432373e-01
7.810965180397033691e-02
1.566439568996429443e-01
-3.771812319755554199e-01
-2.249608188867568970e-02
3.082546889781951904e-01
-5.962940454483032227e-01
-8.783194422721862793e-01
-1.624039858579635620e-01
-2.105738371610641479e-01
3.578234612941741943e-01
7.081402093172073364e-02
4.505178332328796387e-01
1.522934734821319580e-01
-2.570445090532302856e-02
8.563898205757141113e-01
-3.589508533477783203e-01
-2.234270423650741577e-01
-9.504587948322296143e-02
-1.130268052220344543e-01
-5.395281910896301270e-01
1.739506870508193970e-01
9.097336977720260620e-02
3.261328637599945068e-01
-1.147169098258018494e-01
5.837512612342834473e-01
2.566232383251190186e-01
5.789436101913452148e-01
-1.256721913814544678e-01
-5.819668769836425781e-01
7.523338794708251953e-01
8.987533450126647949e-01
2.530702948570251465e-01
-9.052208811044692993e-02
-2.945784293115139008e-02
-3.876488506793975830e-01
2.942937910556793213e-01
3.423855304718017578e-01
-2.478179037570953369e-01
2.577887475490570068e-01
-2.392437905073165894e-01
-3.821239173412322998e-01
6.177153587341308594e-01
-6.296532154083251953e-01
3.404977917671203613e-01
4.945546686649322510e-01
-3.943411111831665039e-01
2.898942232131958008e-01
5.097264647483825684e-01
-3.073199093341827393e-01
-7.599771022796630859e-02
4.032469093799591064e-01
-3.162586688995361328e-01
-5.477314591407775879e-01
-2.487105280160903931e-01
1.322063654661178589e-01
-3.404401242733001709e-01
