1.504544466733932495e-01
2.277560979127883911e-01
4.763701260089874268e-01
-5.818244218826293945e-01
9.325288981199264526e-02
-3.873313665390014648e-01
-2.099867314100265503e-01
3.438175022602081299e-01
-8.558144420385360718e-02
9.906511008739471436e-02
-2.438771873712539673e-01
-4.258436858654022217e-01
-1.413195133209228516e-01
-4.349529147148132324e-01
-9.448935836553573608e-02
4.661941826343536377e-01
-4.409821033477783203e-01
-1.810726076364517212e-01
-5.348173379898071289e-01
3.523030281066894531e-01
-1.891877502202987671e-01
-7.210729122161865234e-01
-9.242349267005920410e-01
-6.614268422126770020e-01
-6.939835548400878906e-01
-1.844795979559421539e-02
-3.044113516807556152e-01
9.718393906950950623e-03
1.167278513312339783e-01
-5.308247804641723633e-01
3.146745860576629639e-01
-1.036202311515808105e-01
-3.499282598495483398e-01
2.789150774478912354e-01
2.679702043533325195e-01
1.888210177421569824e-01
-9.928321093320846558e-02
-3.015435934066772461e-01
-4.242061078548431396e-01
-3.552976250648498535e-02
-6.262193918228149414e-01
-4.013922810554504395e-01
2.726048231124877930e-01
-6.119446158409118652e-01
2.822802364826202393e-01
6.035852432250976562e-01
3.652024269104003906e-01
-6.738067269325256348e-01
-8.538715541362762451e-02
-4.431540668010711670e-01
2.138073444366455078e-01
-5.221185684204101562e-01
2.619888186454772949e-01
4.820465743541717529e-01
-1.130520105361938477e+00
2.171889394521713257e-01
9.419698119163513184e-01
5.148034691810607910e-01
1.243064761161804199e+00
-7.934243083000183105e-01
5.232732892036437988e-01
3.113848268985748291e-01
5.127828717231750488e-01
5.275818705558776855e-02
-2.454459667205810547e-01
9.672372788190841675e-02
1.550052873790264130e-02
9.110321998596191406e-01
-5.334308743476867676e-02
-7.141686081886291504e-01
-5.061950534582138062e-02
4.428312480449676514e-01
-5.957262590527534485e-02
2.054896801710128784e-01
4.114092886447906494e-02
2.110012918710708618e-01
6.185921840369701385e-03
-1.089562475681304932e-01
-5.891262292861938477e-01
2.449393421411514282e-01
-6.836113929748535156e-01
-6.199276447296142578e-01
1.073549762368202209e-01
3.349762260913848877e-01
6.000704690814018250e-02
2.561429142951965332e-01
9.459816813468933105e-01
-5.145858526229858398e-01
-1.834148615598678589e-01
-8.394076824188232422e-01
1.265405654907226562e+00
-2.135565131902694702e-01
1.714373081922531128e-01
8.814958333969116211e-01
8.610228449106216431e-02
1.277137994766235352e-01
-8.731128275394439697e-02
5.969150662422180176e-01
6.047908663749694824e-01
-5.729139447212219238e-01
-1.780485659837722778e-01
-5.156636610627174377e-02
7.360441684722900391e-01
4.356073141098022461e-01
-2.678029835224151611e-01
4.812628030776977539e-02
-1.614356517791748047e+00
8.274798095226287842e-02
-7.222183048725128174e-02
-4.633735716342926025e-01
3.506247699260711670e-01
-5.518245100975036621e-01
-4.879457652568817139e-01
6.249455213546752930e-01
1.474546920508146286e-02
-7.069538235664367676e-01
6.205962896347045898e-01
-4.195117652416229248e-01
8.241072893142700195e-01
5.437911748886108398e-01
-1.109512522816658020e-01
5.642156302928924561e-02
1.160943731665611267e-01
-9.848360717296600342e-02
-8.727832436561584473e-01
-4.122395217418670654e-01
4.966201782226562500e-01
-4.560250341892242432e-01
