1.225840002298355103e-01
2.933731675148010254e-01
1.002870917320251465e+00
-8.460811525583267212e-02
-2.083765417337417603e-01
-7.484221458435058594e-01
-2.446055114269256592e-01
1.214809864759445190e-01
-3.918169438838958740e-01
-2.503098547458648682e-01
2.218707650899887085e-01
-2.628678630571812391e-04
-3.964826837182044983e-02
-1.078015640377998352e-01
2.313990294933319092e-01
2.507349550724029541e-01
1.537594646215438843e-01
3.006576187908649445e-02
-4.976075589656829834e-01
-2.749455273151397705e-01
-1.653409898281097412e-01
1.254791915416717529e-01
2.959836721420288086e-01
2.454078570008277893e-02
-6.108610630035400391e-01
6.584014296531677246e-01
8.371967077255249023e-02
3.461192846298217773e-01
-3.067331016063690186e-01
-3.665990233421325684e-01
-3.752895891666412354e-01
3.952344506978988647e-02
-2.635934054851531982e-01
2.695907354354858398e-01
9.167156368494033813e-02
3.606337010860443115e-01
3.923148810863494873e-01
2.144283615052700043e-02
6.872559189796447754e-01
1.774742454290390015e-01
-3.184329271316528320e-01
-5.114534124732017517e-02
-3.754306435585021973e-01
1.768718287348747253e-02
1.304651498794555664e-01
-3.146345913410186768e-01
-6.251605749130249023e-01
-2.802835702896118164e-01
-5.041013658046722412e-02
-1.002314016222953796e-01
-3.336228430271148682e-01
2.412349283695220947e-01
4.032960236072540283e-01
-5.609094351530075073e-02
-3.007926046848297119e-01
5.442546606063842773e-01
-5.296409130096435547e-02
-1.027713119983673096e-01
6.270333528518676758e-01
1.195712536573410034e-01
2.623854577541351318e-01
2.283693850040435791e-01
7.014176249504089355e-01
2.436639815568923950e-01
1.745176762342453003e-01
-3.295864760875701904e-01
9.302493929862976074e-02
8.900012075901031494e-02
1.803578436374664307e-01
-1.112109199166297913e-01
4.746711254119873047e-01
-3.279719501733779907e-02
-4.697833359241485596e-01
4.613607823848724365e-01
7.449098676443099976e-02
-3.772550225257873535e-01
-1.385110197588801384e-03
6.602149009704589844e-01
4.331477582454681396e-01
5.118393898010253906e-01
3.634663820266723633e-01
1.256846189498901367e-01
4.279909431934356689e-01
7.703893780708312988e-01
8.296865969896316528e-02
3.145698904991149902e-01
3.139947354793548584e-01
1.034858748316764832e-01
-3.757546842098236084e-02
2.666966803371906281e-02
-2.608052790164947510e-01
-3.828360885381698608e-02
-2.379646450281143188e-01
2.088390439748764038e-01
7.492958903312683105e-01
-2.755014300346374512e-01
-4.374341070652008057e-01
-5.048725605010986328e-01
2.598914206027984619e-01
1.688369810581207275e-01
-2.055238485336303711e-01
-1.708400249481201172e-01
6.693924665451049805e-01
3.069512248039245605e-01
-3.407076001167297363e-01
-1.351559162139892578e-01
1.156827285885810852e-01
-3.584656715393066406e-01
6.189037859439849854e-02
-4.759631454944610596e-01
-4.323645308613777161e-02
-3.763732314109802246e-01
-6.669026613235473633e-02
6.186087727546691895e-01
-1.558221410959959030e-03
-1.609650626778602600e-02
2.586649358272552490e-01
6.993343830108642578e-01
3.657693862915039062e-01
3.681292235851287842e-01
-3.785919547080993652e-01
-2.225241661071777344e-01
-3.087250888347625732e-01
1.182560771703720093e-01
-3.774589002132415771e-01
-2.948333621025085449e-01
1.580744832754135132e-01
1.448813229799270630e-01
