-5.879621207714080811e-02
5.436773598194122314e-02
5.016537755727767944e-02
4.430592060089111328e-03
-9.486891329288482666e-02
-6.832754705101251602e-03
-5.203566700220108032e-02
5.051743239164352417e-02
-1.677629351615905762e-01
-4.703175276517868042e-02
1.147786080837249756e-01
-1.028800681233406067e-01
-1.719352453947067261e-01
-1.329447329044342041e-01
1.942287832498550415e-01
-1.463506817817687988e-01
-9.531927108764648438e-02
1.374026387929916382e-01
1.267981063574552536e-02
2.154793823137879372e-03
-9.011846035718917847e-02
-8.436460793018341064e-02
-9.718784689903259277e-02
-2.206293120980262756e-02
-3.662349283695220947e-01
-2.546161971986293793e-02
1.360386330634355545e-02
1.579281175509095192e-03
8.909188210964202881e-02
-3.841175511479377747e-02
-2.589845061302185059e-01
1.092610601335763931e-02
1.920818351209163666e-02
1.102621927857398987e-01
2.868947945535182953e-02
-2.368752472102642059e-02
-1.841629743576049805e-01
2.103971689939498901e-01
1.766842976212501526e-02
-9.407988935708999634e-02
-1.001011207699775696e-01
2.047392427921295166e-01
-1.041807830333709717e-01
-1.276504546403884888e-01
7.214895635843276978e-02
-1.087622866034507751e-01
2.891204878687858582e-02
-1.164119988679885864e-01
3.012597002089023590e-02
-1.094327345490455627e-01
1.360610723495483398e-01
7.814154028892517090e-02
2.459538727998733521e-01
1.197145283222198486e-01
4.008772969245910645e-02
1.541590988636016846e-01
-1.232995241880416870e-01
4.680395592004060745e-03
-2.457719482481479645e-02
-3.485431149601936340e-02
2.184196263551712036e-01
1.408087313175201416e-01
1.402350664138793945e-01
2.327614277601242065e-02
9.308816492557525635e-02
5.779777094721794128e-02
-4.307943955063819885e-02
1.940035223960876465e-01
2.010768204927444458e-01
-1.620730906724929810e-01
1.942147761583328247e-01
-1.112915202975273132e-01
-4.160782992839813232e-01
-2.455013543367385864e-01
4.036772996187210083e-02
-4.521458223462104797e-02
-2.846718532964587212e-03
2.125348336994647980e-02
-2.551755681633949280e-02
1.948716044425964355e-01
3.717019408941268921e-02
-6.485217809677124023e-02
1.659074276685714722e-01
1.743436455726623535e-01
1.063154935836791992e-01
-1.720032468438148499e-02
1.399479359388351440e-01
-2.530112564563751221e-01
-2.640086226165294647e-02
1.564211398363113403e-01
-4.710939526557922363e-02
-6.878919154405593872e-02
-1.963922828435897827e-01
-2.790614031255245209e-02
4.015116691589355469e-01
-1.419567912817001343e-01
-1.932737082242965698e-01
-2.648062407970428467e-01
4.372392967343330383e-02
-2.385426871478557587e-02
-1.789199262857437134e-01
1.578750163316726685e-01
2.527751624584197998e-01
3.757990431040525436e-03
-1.234657466411590576e-01
3.813853859901428223e-02
-1.054579466581344604e-01
-3.179408311843872070e-01
8.778849244117736816e-02
-2.158279865980148315e-01
1.637516170740127563e-01
-1.383403539657592773e-01
-1.403717249631881714e-01
1.950052008032798767e-02
-9.498339146375656128e-02
1.460181176662445068e-01
-1.427809428423643112e-02
7.748260628432035446e-03
2.730765938758850098e-01
3.264288008213043213e-01
-2.883998453617095947e-01
-4.443083703517913818e-02
1.770682400092482567e-03
1.816355437040328979e-01
-1.051043346524238586e-01
-3.547949716448783875e-02
-6.928645074367523193e-02
-2.227976024150848389e-01
