3.310732543468475342e-02
1.797552108764648438e-01
2.094802111387252808e-01
-1.579383909702301025e-01
8.639672771096229553e-03
-3.939791321754455566e-01
-2.819165587425231934e-01
3.461480140686035156e-01
2.194765768945217133e-02
-2.018056251108646393e-02
-2.148720175027847290e-01
-3.155571520328521729e-01
-2.224060297012329102e-01
-6.877072900533676147e-02
1.588978469371795654e-01
-8.071129024028778076e-02
-2.453266531229019165e-01
1.488793939352035522e-01
8.667230606079101562e-02
-2.554935775697231293e-02
-1.487476229667663574e-01
1.568646132946014404e-01
2.475739717483520508e-01
-4.406196475028991699e-01
-1.269611269235610962e-01
7.705645263195037842e-02
6.201352477073669434e-01
1.478750705718994141e-01
2.135141938924789429e-01
-2.316095121204853058e-02
-4.465645551681518555e-01
-3.787435591220855713e-01
2.982753142714500427e-02
-1.249198764562606812e-01
-4.191279113292694092e-01
-2.036590427160263062e-01
-4.707156121730804443e-02
4.098853766918182373e-01
2.424014359712600708e-01
-5.272364020347595215e-01
6.023198366165161133e-02
-8.460038900375366211e-02
-3.572083115577697754e-01
6.396187543869018555e-01
4.476425349712371826e-01
4.034422039985656738e-01
-2.597704827785491943e-01
-1.109600961208343506e-01
1.647469252347946167e-01
1.392293572425842285e-01
-5.346964672207832336e-02
-1.361612826585769653e-01
1.601755470037460327e-01
6.346520781517028809e-02
-1.729476824402809143e-02
1.271292716264724731e-01
3.031436502933502197e-01
6.264961510896682739e-02
-3.812230527400970459e-01
3.773133084177970886e-02
-1.040447950363159180e-01
2.016933411359786987e-01
1.137226223945617676e-01
-3.353271260857582092e-02
-3.731891512870788574e-01
-2.640287876129150391e-01
-2.215719074010848999e-01
7.321127653121948242e-01
1.781444251537322998e-01
-4.771100878715515137e-01
1.593241989612579346e-01
7.312188297510147095e-02
-7.261959314346313477e-01
2.305881679058074951e-02
1.292381733655929565e-01
-3.450119793415069580e-01
1.689313501119613647e-01
-8.626463264226913452e-02
1.553332954645156860e-01
6.685786247253417969e-01
2.315917611122131348e-01
-3.406799165531992912e-03
3.807632923126220703e-01
7.215545773506164551e-01
1.425745636224746704e-01
-1.130029782652854919e-01
3.700238764286041260e-01
-4.702146053314208984e-01
1.747012138366699219e-01
3.490951061248779297e-01
1.718094497919082642e-01
-8.441066741943359375e-02
3.522484004497528076e-01
-2.025778740644454956e-01
6.613528728485107422e-01
-4.701410531997680664e-01
-3.332256972789764404e-01
-5.075887441635131836e-01
-1.207560896873474121e-01
-2.392907887697219849e-01
-3.100068569183349609e-01
1.288655400276184082e-01
5.506924986839294434e-01
-2.734915018081665039e-01
2.152335643768310547e-02
-3.008823655545711517e-02
-2.989299595355987549e-01
-5.775426626205444336e-01
1.095695570111274719e-01
-2.982593774795532227e-01
5.708052515983581543e-01
-2.911938726902008057e-02
2.464641928672790527e-01
-1.237198933959007263e-01
3.408351540565490723e-01
-1.150142624974250793e-01
-3.949233144521713257e-02
5.743675231933593750e-01
4.443002343177795410e-01
-2.494304925203323364e-01
-6.829611659049987793e-01
-2.436165213584899902e-01
9.719897806644439697e-02
-8.475270122289657593e-02
-2.882488667964935303e-01
-6.671791672706604004e-01
-1.897232234477996826e-02
-1.324732415378093719e-02
