-1.692592650651931763e-01
5.485072135925292969e-01
4.096051454544067383e-01
-3.139268457889556885e-01
1.396542489528656006e-01
-9.690884500741958618e-02
7.755152583122253418e-01
5.719676613807678223e-01
-2.609494328498840332e-02
1.858552098274230957e-01
2.722904831171035767e-02
3.943924903869628906e-01
-5.916833877563476562e-01
1.854469180107116699e-01
1.198865845799446106e-01
2.193783372640609741e-01
-5.692708492279052734e-01
-9.845001995563507080e-02
-3.124714195728302002e-01
2.518004179000854492e-01
-4.200005829334259033e-01
-2.670967765152454376e-02
1.655060611665248871e-02
-4.007158279418945312e-01
-7.394455373287200928e-02
5.634210705757141113e-01
-6.871953606605529785e-02
-3.101336359977722168e-01
5.871402621269226074e-01
-8.441660404205322266e-01
-3.771976530551910400e-01
-3.146080672740936279e-01
-9.298208169639110565e-03
-2.345980852842330933e-01
-5.792481303215026855e-01
-1.375374794006347656e-01
-1.020111083984375000e+00
-3.420632779598236084e-01
2.055582255125045776e-01
-8.943765610456466675e-02
-4.039503633975982666e-01
3.836898505687713623e-02
-1.131239056587219238e+00
-1.231504827737808228e-01
-1.624983251094818115e-01
-2.756019309163093567e-02
1.085347056388854980e+00
1.869015693664550781e-01
-1.951852142810821533e-01
7.236400246620178223e-01
-2.004488557577133179e-01
3.189139813184738159e-02
-4.196784496307373047e-01
1.655481308698654175e-01
5.257762223482131958e-02
3.474382162094116211e-01
-8.711077272891998291e-02
-9.884365648031234741e-02
6.362165212631225586e-01
1.527861575596034527e-03
3.470368683338165283e-01
-1.119317486882209778e-01
-1.395168304443359375e-01
4.473028182983398438e-01
-4.257326573133468628e-02
-5.340990424156188965e-02
3.933297097682952881e-01
6.129124760627746582e-01
1.751689463853836060e-01
-1.643557846546173096e-01
-2.576107084751129150e-01
3.999364674091339111e-01
5.456804633140563965e-01
-2.174205332994461060e-01
-9.039223194122314453e-02
-4.661934375762939453e-01
1.327168196439743042e-01
-2.512692213058471680e-01
-4.205520749092102051e-01
5.716184377670288086e-01
6.182574108242988586e-02
-2.944916719570755959e-03
6.278683431446552277e-04
6.160324811935424805e-01
5.210815668106079102e-01
-2.611941993236541748e-01
3.935493230819702148e-01
5.142824053764343262e-01
3.645265102386474609e-01
3.037416338920593262e-01
2.158728688955307007e-01
-8.632711172103881836e-01
2.813550531864166260e-01
-3.527069687843322754e-01
-1.770980209112167358e-01
-1.087204933166503906e+00
-1.136049777269363403e-01
-7.598806619644165039e-01
-1.697406768798828125e-01
-5.617236495018005371e-01
-8.908144235610961914e-01
4.620711505413055420e-01
1.418678283691406250e+00
-4.921855628490447998e-01
2.275483459234237671e-01
3.866322338581085205e-01
-9.104866385459899902e-01
-5.882928967475891113e-01
5.107119083404541016e-01
-9.645900130271911621e-02
1.986999660730361938e-01
-7.463670969009399414e-01
-9.723160415887832642e-02
5.756169557571411133e-01
-5.930647253990173340e-01
-1.788386255502700806e-01
-3.008772134780883789e-01
-1.963949501514434814e-01
4.786241650581359863e-01
3.971669673919677734e-01
-2.379973679780960083e-01
-2.540323734283447266e-01
2.980441153049468994e-01
-3.410456180572509766e-01
-5.618936419486999512e-01
-1.018568351864814758e-01
5.455013364553451538e-02
-3.269017040729522705e-01
