-2.079610377550125122e-01
1.801432073116302490e-01
9.859147667884826660e-02
-1.606896668672561646e-01
-2.313568145036697388e-01
-5.154599547386169434e-01
1.581206321716308594e-01
2.996549904346466064e-01
1.636594533920288086e-01
6.380107998847961426e-02
5.694684013724327087e-02
-2.327023744583129883e-01
-1.680072844028472900e-01
-4.368250370025634766e-01
4.314727783203125000e-01
3.839040920138359070e-02
-2.002187818288803101e-01
1.026192456483840942e-01
-8.571167290210723877e-02
4.872960597276687622e-02
-4.438096582889556885e-01
2.693500518798828125e-01
4.896093010902404785e-01
5.671535804867744446e-02
-3.979131281375885010e-01
-2.426505088806152344e-03
4.219938218593597412e-01
5.367773175239562988e-01
2.333866506814956665e-01
-4.170553982257843018e-01
-3.548007607460021973e-01
-6.133176684379577637e-01
-2.870244979858398438e-01
-2.429271787405014038e-01
-8.574136346578598022e-02
-1.452414244413375854e-01
-3.535321354866027832e-02
4.426897764205932617e-01
4.546688795089721680e-01
-2.120653986930847168e-01
9.487713873386383057e-02
1.623296886682510376e-01
-1.668062210083007812e-01
2.936097383499145508e-01
4.265428185462951660e-01
-3.041603602468967438e-02
-1.001987699419260025e-02
2.843317389488220215e-02
1.698764711618423462e-01
4.231981560587882996e-02
1.764838099479675293e-01
-4.885889217257499695e-02
5.612584948539733887e-01
-5.953252315521240234e-02
5.513461828231811523e-01
4.310567378997802734e-01
1.721618771553039551e-01
-2.838641405105590820e-01
-8.974146097898483276e-02
8.609373867511749268e-02
5.305688083171844482e-02
4.537617042660713196e-02
5.213091894984245300e-02
-1.208163872361183167e-01
1.179760172963142395e-01
-4.163789153099060059e-01
6.720003485679626465e-01
1.418588161468505859e-01
5.746769309043884277e-01
-4.024204015731811523e-01
4.624175429344177246e-01
-4.006879329681396484e-01
-2.667027413845062256e-01
-2.087770402431488037e-01
-4.474338889122009277e-02
-7.153722047805786133e-01
-1.997355371713638306e-02
2.935725152492523193e-01
-1.793738007545471191e-01
1.957721263170242310e-01
1.977162212133407593e-01
-3.424475789070129395e-01
2.536676451563835144e-02
1.772254519164562225e-02
1.950329244136810303e-01
3.233925700187683105e-01
6.125233173370361328e-01
-3.546429872512817383e-01
-3.420813083648681641e-01
2.126413583755493164e-01
5.377795919775962830e-02
-7.355914264917373657e-02
-5.207899808883666992e-01
2.650106847286224365e-01
5.628317594528198242e-01
-5.265589952468872070e-01
-3.282762467861175537e-01
-7.774516344070434570e-01
-1.935855299234390259e-01
-5.128891468048095703e-01
-1.030721440911293030e-01
5.409967303276062012e-01
5.264813452959060669e-02
4.538667798042297363e-01
1.508130431175231934e-01
-1.083127856254577637e-01
-5.377219319343566895e-01
-1.784622967243194580e-01
8.188220858573913574e-02
-3.731451332569122314e-01
3.302059471607208252e-01
-3.941759467124938965e-02
1.058027073740959167e-01
1.707279123365879059e-02
-2.519606649875640869e-01
-1.034484803676605225e-01
-1.008042767643928528e-01
3.993237018585205078e-01
-3.383189737796783447e-01
3.080567121505737305e-01
-2.975015640258789062e-01
4.164875671267509460e-02
4.534397721290588379e-01
4.647652804851531982e-02
-3.663601577281951904e-01
9.606337547302246094e-02
9.087397158145904541e-02
-2.858884036540985107e-01
