-2.657156586647033691e-01
1.204943731427192688e-01
4.198192358016967773e-01
-3.002456575632095337e-02
1.037012636661529541e-01
-3.747155368328094482e-01
-7.796751260757446289e-01
-6.187256574630737305e-01
-1.309532374143600464e-01
-3.113461732864379883e-01
-1.572432070970535278e-01
-3.154855966567993164e-01
-3.092298507690429688e-01
5.708765387535095215e-01
1.098861455917358398e+00
-2.312780171632766724e-01
7.865271717309951782e-02
4.481555521488189697e-01
-1.312147676944732666e-01
4.248673841357231140e-02
4.186030924320220947e-01
3.788946568965911865e-01
1.458396017551422119e-01
7.201815247535705566e-01
-3.064957857131958008e-01
8.826777338981628418e-02
-3.440504521131515503e-02
-4.011898040771484375e-01
5.974501967430114746e-01
1.774501753970980644e-03
-7.273693084716796875e-01
-1.384685337543487549e-01
-4.582920297980308533e-02
3.972270190715789795e-01
1.560053676366806030e-01
-1.772696226835250854e-01
6.643834785791113973e-05
3.669796586036682129e-01
6.676868796348571777e-01
3.002898991107940674e-01
-2.325484305620193481e-01
5.940602421760559082e-01
2.406570613384246826e-01
-5.174564942717552185e-02
3.086443245410919189e-01
4.191756844520568848e-01
1.656721085309982300e-01
-2.916918992996215820e-01
6.341272592544555664e-01
-7.016103714704513550e-02
5.133438110351562500e-01
4.581045210361480713e-01
1.613986194133758545e-01
2.119835615158081055e-01
4.847797453403472900e-01
2.340312600135803223e-01
1.551660001277923584e-01
-4.100444912910461426e-02
2.457177489995956421e-01
2.302007079124450684e-01
-6.698331236839294434e-02
5.025704503059387207e-01
4.586253687739372253e-02
4.567395895719528198e-02
-4.711913168430328369e-01
7.337588667869567871e-01
2.066968977451324463e-01
3.241390883922576904e-01
5.638771057128906250e-01
-2.956682145595550537e-01
-3.282376751303672791e-02
2.349470555782318115e-02
-2.622449994087219238e-01
3.360901474952697754e-01
2.622085809707641602e-01
-3.298559188842773438e-01
3.597722947597503662e-01
6.978464871644973755e-02
-3.811228275299072266e-01
6.170230507850646973e-01
3.757279217243194580e-01
-2.111533880233764648e-01
2.401190102100372314e-01
3.988805115222930908e-01
3.341646492481231689e-01
-8.082811236381530762e-01
2.083768695592880249e-01
-4.846546947956085205e-01
2.781479656696319580e-01
-1.270693838596343994e-01
-3.083162009716033936e-01
-2.277192622423171997e-01
-5.926302671432495117e-01
1.444923281669616699e-01
5.100208520889282227e-01
-3.079825043678283691e-01
-1.262447386980056763e-01
-4.476929306983947754e-01
1.516927182674407959e-01
-3.227326273918151855e-01
-1.624512523412704468e-01
2.059640288352966309e-01
6.409738659858703613e-01
5.005324482917785645e-01
-3.233472108840942383e-01
-3.738840818405151367e-01
-6.129841208457946777e-01
-4.095965921878814697e-01
3.351002037525177002e-01
-6.327280402183532715e-01
4.242585003376007080e-01
-3.860554397106170654e-01
-4.506391584873199463e-01
3.873562067747116089e-02
-7.872316837310791016e-01
1.960302293300628662e-01
1.254525929689407349e-01
3.409307897090911865e-01
5.310125946998596191e-01
-1.924069374799728394e-01
-4.227045178413391113e-01
-3.982615172863006592e-01
6.446194648742675781e-01
-1.215664073824882507e-01
-2.565796077251434326e-01
-6.565148234367370605e-01
3.332923948764801025e-01
2.687388956546783447e-01
