1.098042353987693787e-03
-2.471209168434143066e-01
4.946807026863098145e-01
-1.929379701614379883e-01
-1.523716300725936890e-01
-2.704305052757263184e-01
2.080030143260955811e-01
2.185530364513397217e-01
-2.141921818256378174e-01
-8.252951502799987793e-02
1.623056679964065552e-01
-7.431414723396301270e-02
-1.970214545726776123e-01
-2.340186983346939087e-01
2.071658521890640259e-01
-1.655797064304351807e-01
4.544259011745452881e-01
2.225875556468963623e-01
2.441631406545639038e-01
-6.069731712341308594e-02
1.798288673162460327e-01
-9.605830907821655273e-02
2.703821063041687012e-01
1.204988881945610046e-01
-2.465166151523590088e-01
1.126405298709869385e-01
2.400970458984375000e-01
5.427935626357793808e-03
7.933595031499862671e-02
9.566658735275268555e-02
-1.745690405368804932e-01
-2.030753642320632935e-01
-9.542429447174072266e-02
-1.234266608953475952e-01
-1.754654645919799805e-01
-8.665943145751953125e-02
-3.606807589530944824e-01
2.258024215698242188e-01
5.703074336051940918e-01
-3.811864256858825684e-01
2.202737890183925629e-02
3.418453931808471680e-01
-2.935606241226196289e-01
-1.365057080984115601e-01
6.963751465082168579e-02
-1.395845506340265274e-02
3.168002963066101074e-01
-6.971651315689086914e-02
-1.186692807823419571e-02
-2.068818956613540649e-01
1.869364231824874878e-01
-2.586106657981872559e-01
-7.977862656116485596e-02
2.523402571678161621e-01
3.334873914718627930e-01
5.001763701438903809e-01
4.889057576656341553e-02
-4.171403497457504272e-02
2.948257029056549072e-01
6.580215692520141602e-02
1.751120537519454956e-01
-8.947242051362991333e-02
-5.873188003897666931e-02
5.521472170948982239e-02
1.603723764419555664e-01
-2.727064862847328186e-02
-1.400045603513717651e-01
-1.778462380170822144e-01
-4.285361245274543762e-02
-3.453191518783569336e-01
5.234188586473464966e-02
-1.145198568701744080e-01
-4.508607462048530579e-02
9.591810405254364014e-02
-7.581359148025512695e-02
-2.556491196155548096e-01
1.015581539832055569e-03
1.736972481012344360e-01
-7.078485935926437378e-02
4.667900204658508301e-01
-7.984314858913421631e-02
8.334473520517349243e-02
2.552240192890167236e-01
2.568944394588470459e-01
-2.841749228537082672e-02
-1.310974210500717163e-01
4.025476872920989990e-01
-2.096805274486541748e-01
1.146169975399971008e-01
1.465764641761779785e-01
1.677590161561965942e-01
-1.278824061155319214e-01
9.160332381725311279e-02
4.042940586805343628e-02
1.272254884243011475e-01
-2.945807576179504395e-01
-2.868943214416503906e-01
-4.993360638618469238e-01
1.219046115875244141e-01
-3.261053860187530518e-01
-9.215745329856872559e-02
-1.438697576522827148e-01
3.261215686798095703e-01
-7.512038573622703552e-03
1.179385837167501450e-02
2.402474731206893921e-01
-1.873068958520889282e-01
1.391629129648208618e-01
3.580578863620758057e-01
-2.780237197875976562e-01
5.707969423383474350e-03
-1.220454946160316467e-01
6.999067962169647217e-02
1.851935535669326782e-01
-3.287308290600776672e-02
2.572926692664623260e-02
1.729436069726943970e-01
2.537398040294647217e-01
5.777364969253540039e-02
2.357039451599121094e-01
-4.389923214912414551e-01
-3.720925888046622276e-03
-1.536877006292343140e-01
1.376302242279052734e-01
-2.172319218516349792e-02
-2.474625259637832642e-01
-8.697809278964996338e-02
-2.077051997184753418e-01
