7.755671441555023193e-02
3.627792000770568848e-01
1.552916467189788818e-01
-2.071865946054458618e-01
-4.507173895835876465e-01
-5.403983592987060547e-01
2.674570381641387939e-01
1.984002292156219482e-01
5.815282464027404785e-01
-1.327664703130722046e-01
6.403967142105102539e-01
-6.596273183822631836e-01
-1.164101511240005493e-01
-4.792765378952026367e-01
8.681761026382446289e-01
1.530589349567890167e-02
-8.367902040481567383e-02
-2.428842186927795410e-01
-3.417427241802215576e-01
6.801396608352661133e-02
2.473807185888290405e-01
-1.188030242919921875e-01
5.605574250221252441e-01
-3.157718777656555176e-01
-1.935439407825469971e-01
9.747867286205291748e-02
2.018864750862121582e-01
-1.073478162288665771e-01
1.319310069084167480e-01
9.977994114160537720e-02
-3.741482496261596680e-01
-4.493888616561889648e-01
-1.801919192075729370e-01
3.363197296857833862e-02
-7.216721028089523315e-02
-5.144098401069641113e-01
-2.018734440207481384e-02
5.036086440086364746e-01
5.980232357978820801e-01
-1.968922764062881470e-01
-1.339932829141616821e-01
2.954024374485015869e-01
-3.432174921035766602e-01
-1.632658690214157104e-01
2.228973060846328735e-01
3.087325990200042725e-01
5.582755804061889648e-01
-2.958227694034576416e-01
-2.809182554483413696e-02
-1.183972358703613281e-01
6.321344524621963501e-02
2.078612744808197021e-01
3.276453316211700439e-01
1.021272912621498108e-01
2.778916954994201660e-01
2.652738690376281738e-01
2.636137604713439941e-01
2.205285429954528809e-01
3.941114060580730438e-03
-2.201454713940620422e-02
2.946171760559082031e-01
4.626282304525375366e-02
2.163920998573303223e-01
8.342139422893524170e-02
-4.381140461191534996e-04
1.613930165767669678e-01
2.863899469375610352e-01
-5.503413081169128418e-02
4.048325717449188232e-01
-2.961390018463134766e-01
2.261295914649963379e-01
-4.695850014686584473e-01
-6.292207837104797363e-01
3.143512606620788574e-01
-2.656927518546581268e-02
-3.119161725044250488e-01
1.627412885427474976e-01
4.545741975307464600e-01
2.214932441711425781e-01
3.063893914222717285e-01
-2.933615744113922119e-01
9.169552475214004517e-02
1.972245424985885620e-01
3.375639319419860840e-01
-3.134323358535766602e-01
2.188201546669006348e-01
5.647208094596862793e-01
-8.584237098693847656e-02
3.664891123771667480e-01
3.098971545696258545e-01
2.574300765991210938e-02
-1.122691854834556580e-01
-5.985441803932189941e-02
1.978523097932338715e-02
5.954959392547607422e-01
-6.534578800201416016e-01
-5.992463827133178711e-01
-4.125916361808776855e-01
-4.161043763160705566e-01
-3.978060185909271240e-01
4.669104218482971191e-01
4.023097455501556396e-01
-9.079536423087120056e-03
-3.729697763919830322e-01
2.288915216922760010e-02
-1.969366222620010376e-01
-4.884494841098785400e-02
2.723593413829803467e-01
1.916253417730331421e-01
-2.892691791057586670e-01
-2.002477645874023438e-01
3.429200351238250732e-01
-1.925794631242752075e-01
7.911784648895263672e-01
-2.265937477350234985e-01
-2.316949814558029175e-01
1.121801584959030151e-01
4.540072977542877197e-01
3.204482495784759521e-01
3.662200411781668663e-03
-6.071497499942779541e-02
5.265593156218528748e-02
-6.122079212218523026e-03
4.482155442237854004e-01
-3.195734322071075439e-01
-2.040966749191284180e-01
1.580125391483306885e-01
2.276471555233001709e-01
