3.468169569969177246e-01
-4.812350869178771973e-01
5.337183550000190735e-02
-3.628655076026916504e-01
-4.269860386848449707e-01
9.929253906011581421e-02
-1.385398209095001221e-01
1.767664402723312378e-01
7.430958747863769531e-02
-1.207739785313606262e-01
3.333058357238769531e-01
-2.629566788673400879e-01
-2.588961124420166016e-01
3.176340460777282715e-02
5.836467146873474121e-01
-3.754839897155761719e-01
1.941311359405517578e-01
2.535248100757598877e-01
1.951118558645248413e-02
-1.858418136835098267e-01
-3.997670114040374756e-02
-3.420581296086311340e-02
2.871935963630676270e-01
2.880830168724060059e-01
-2.663855850696563721e-01
4.064947962760925293e-01
-2.001217566430568695e-03
-3.423395454883575439e-01
-5.745667964220046997e-03
-4.424405992031097412e-01
-3.480452001094818115e-01
-4.063633382320404053e-01
5.479079112410545349e-02
2.017657905817031860e-01
-2.262210845947265625e-01
-1.928061693906784058e-01
-7.477838546037673950e-02
2.087020128965377808e-01
2.451483607292175293e-01
1.591809540987014771e-01
-3.965223208069801331e-02
4.049061238765716553e-01
-2.372374832630157471e-01
2.381244003772735596e-01
3.276917636394500732e-01
1.139245182275772095e-01
2.717429772019386292e-02
-1.972472369670867920e-01
2.117097824811935425e-01
-2.702598646283149719e-02
3.987702131271362305e-01
3.073425590991973877e-01
-1.023625954985618591e-01
2.593075037002563477e-01
4.457259774208068848e-01
2.972674369812011719e-01
2.207314036786556244e-02
-4.438605904579162598e-02
1.609281450510025024e-01
-4.254070222377777100e-01
6.354934573173522949e-01
-9.671634435653686523e-02
2.980185747146606445e-01
-1.427915841341018677e-01
9.576424211263656616e-02
-2.792241424322128296e-02
2.454802393913269043e-02
-1.816527843475341797e-01
4.173336029052734375e-01
-4.772138893604278564e-01
2.842496335506439209e-01
-1.312657296657562256e-01
-7.386999726295471191e-01
3.986490964889526367e-01
1.725865714251995087e-02
-2.134492434561252594e-02
3.929513096809387207e-01
2.248621284961700439e-01
1.946342736482620239e-01
5.753262042999267578e-01
-4.183816537261009216e-02
-3.561819791793823242e-01
1.944226324558258057e-01
3.355949521064758301e-01
3.324337601661682129e-01
3.145046830177307129e-01
7.860276103019714355e-01
-2.021894156932830811e-01
1.522433608770370483e-01
3.704129755496978760e-01
7.572857290506362915e-02
-2.555332481861114502e-01
-3.540026247501373291e-01
6.448873877525329590e-02
8.546730130910873413e-02
-4.404365420341491699e-01
-3.079652190208435059e-01
-4.525820016860961914e-01
-3.280577063560485840e-01
-6.422086358070373535e-01
8.932960033416748047e-02
4.304399788379669189e-01
5.171224474906921387e-01
-2.605868875980377197e-01
9.644296765327453613e-02
-6.397265940904617310e-02
-2.228566408157348633e-01
-2.699921131134033203e-01
-1.039137840270996094e-01
-4.060375094413757324e-01
1.536788046360015869e-01
-2.856871485710144043e-02
-6.885420531034469604e-02
2.332740277051925659e-01
8.217858523130416870e-02
1.697659194469451904e-01
1.720314770936965942e-01
9.102206677198410034e-02
-2.593945562839508057e-01
-4.224652051925659180e-02
-2.889369130134582520e-01
2.033006213605403900e-02
4.994761943817138672e-01
2.492714375257492065e-01
6.283983588218688965e-02
-3.283894956111907959e-01
-1.699486374855041504e-01
-5.647240877151489258e-01
