-2.668628394603729248e-01
-2.218779176473617554e-01
-1.926098018884658813e-01
3.905394971370697021e-01
-1.852665096521377563e-01
-6.629237532615661621e-01
-5.671584010124206543e-01
-2.838309109210968018e-01
-4.030765220522880554e-02
5.386498197913169861e-02
-2.545383572578430176e-01
7.541183382272720337e-02
-3.887747228145599365e-01
2.644771337509155273e-01
1.817173212766647339e-01
-1.324237287044525146e-01
-5.520932674407958984e-01
1.004378348588943481e-01
-1.220820471644401550e-01
1.502402424812316895e-01
-1.747438125312328339e-02
-2.762905657291412354e-01
-2.308215647935867310e-01
1.245654970407485962e-01
-4.517123699188232422e-01
-2.576851248741149902e-01
1.036541610956192017e-01
-4.079791903495788574e-02
-1.446032673120498657e-01
1.473641674965620041e-02
-4.516999721527099609e-01
-4.557571709156036377e-01
-6.942466646432876587e-02
2.057296410202980042e-02
5.400637909770011902e-02
4.781410098075866699e-01
-7.235819846391677856e-02
3.125995695590972900e-01
3.462290763854980469e-01
2.164351940155029297e-01
-1.109154969453811646e-01
7.178848981857299805e-01
-1.543862521648406982e-01
-2.053556442260742188e-01
2.459814548492431641e-01
4.574876725673675537e-01
3.054216802120208740e-01
-1.190656721591949463e-01
6.185348033905029297e-01
-2.915745079517364502e-01
-2.084252387285232544e-01
-7.501648366451263428e-02
1.881978660821914673e-02
7.355458140373229980e-01
-1.816816776990890503e-01
-2.438740618526935577e-02
6.593034602701663971e-03
-2.372865229845046997e-01
-2.460012882947921753e-01
3.073630928993225098e-01
1.520054638385772705e-01
3.518058359622955322e-01
4.604048430919647217e-01
-1.148924231529235840e-01
-1.931353956460952759e-01
2.760187983512878418e-01
-2.187404632568359375e-01
1.978228986263275146e-01
2.716979384422302246e-01
-1.717652082443237305e-01
7.835638523101806641e-01
1.830830723047256470e-01
-7.032862901687622070e-01
-2.809150218963623047e-01
-2.019958943128585815e-01
-2.982446737587451935e-02
4.279520809650421143e-01
4.571302831172943115e-01
-2.152637839317321777e-01
6.397193670272827148e-01
-1.944262906908988953e-02
1.279003024101257324e-01
-2.638358250260353088e-02
6.043700575828552246e-01
5.172584652900695801e-01
-7.784312367439270020e-01
4.330712184309959412e-02
-5.657979752868413925e-03
3.054054379463195801e-01
3.203858137130737305e-01
-4.345929026603698730e-01
-4.897814691066741943e-01
-9.415092468261718750e-01
-1.032944489270448685e-02
1.021670699119567871e+00
-3.411784768104553223e-01
-4.890201091766357422e-01
-4.245776534080505371e-01
-3.530545160174369812e-03
-2.491728812456130981e-01
2.799441106617450714e-02
2.618411183357238770e-01
5.033712387084960938e-01
1.843885630369186401e-01
-2.940095067024230957e-01
2.163369953632354736e-01
-2.656864523887634277e-01
-1.251190751791000366e-01
1.116032451391220093e-01
-6.530905961990356445e-01
8.458014577627182007e-02
4.084600508213043213e-02
-4.237121641635894775e-01
-2.094126492738723755e-01
-6.429107785224914551e-01
4.845789670944213867e-01
-2.375646680593490601e-01
1.599727421998977661e-01
4.200173020362854004e-01
2.254867404699325562e-01
-4.391586184501647949e-01
1.603395789861679077e-01
2.079540789127349854e-01
3.620895147323608398e-01
-2.727804780006408691e-01
-2.755464911460876465e-01
6.087110936641693115e-02
7.932762801647186279e-02
