2.540561556816101074e-01
1.158288195729255676e-01
3.147611394524574280e-02
3.340450525283813477e-01
-1.212241277098655701e-01
-1.930156350135803223e-02
-4.024673998355865479e-02
2.560452222824096680e-01
-1.124788522720336914e-01
-6.428813934326171875e-02
-5.704376474022865295e-02
-5.221526026725769043e-01
3.459891378879547119e-01
1.741870641708374023e-01
-1.482902616262435913e-01
-6.347538232803344727e-01
-5.041273236274719238e-01
2.531909346580505371e-01
-2.112409472465515137e-01
-6.798978149890899658e-02
5.019681900739669800e-02
4.355389177799224854e-01
-2.435861388221383095e-03
3.392878770828247070e-01
-7.696499228477478027e-01
3.217913508415222168e-01
-5.250835418701171875e-01
5.548421293497085571e-02
1.438686549663543701e-01
-1.309079676866531372e-01
-4.045692384243011475e-01
-1.588652282953262329e-01
2.094033360481262207e-01
2.951905131340026855e-01
-3.291818201541900635e-01
-4.637680053710937500e-01
6.159607172012329102e-01
3.712514638900756836e-01
4.037416577339172363e-01
2.616513669490814209e-01
-3.837240338325500488e-01
4.947482049465179443e-01
2.575421929359436035e-01
1.226815953850746155e-01
9.739431738853454590e-02
4.020040333271026611e-01
2.342762053012847900e-02
-2.667134106159210205e-01
5.669759213924407959e-02
-1.702669560909271240e-01
3.814132213592529297e-01
1.036976501345634460e-01
4.571819007396697998e-01
3.716657161712646484e-01
2.374393641948699951e-01
8.752991557121276855e-01
3.121716082096099854e-01
5.415529608726501465e-01
-5.508369803428649902e-01
-1.551032997667789459e-02
3.059316575527191162e-01
4.889045357704162598e-01
4.021435379981994629e-01
2.156696170568466187e-01
1.440202295780181885e-01
-1.336774826049804688e-01
-3.023166358470916748e-01
2.112022042274475098e-01
4.133680462837219238e-01
-6.493232250213623047e-01
-1.771977543830871582e-02
2.582408487796783447e-01
-3.307040929794311523e-01
2.925810813903808594e-01
-2.354657351970672607e-01
-4.091234505176544189e-02
8.382761478424072266e-02
1.435275655239820480e-02
1.125278025865554810e-01
3.171277344226837158e-01
-9.085221886634826660e-01
1.537521183490753174e-01
1.590057462453842163e-01
1.859961897134780884e-01
2.030721455812454224e-01
-2.236634790897369385e-01
-2.046175301074981689e-02
-1.886333525180816650e-01
-2.241211086511611938e-01
4.338482320308685303e-01
-4.711737334728240967e-01
6.291101872920989990e-02
2.698896266520023346e-02
-2.199161201715469360e-01
-5.674754269421100616e-03
-1.261938214302062988e-01
-3.480055630207061768e-01
-5.954061150550842285e-01
-3.412041664123535156e-01
-3.574569225311279297e-01
6.266055107116699219e-01
3.611663579940795898e-01
3.706388771533966064e-01
-2.591656148433685303e-01
1.023406609892845154e-01
-2.950786612927913666e-02
7.353112101554870605e-03
-3.664196729660034180e-01
-4.768841341137886047e-02
-5.754122734069824219e-01
1.351938396692276001e-01
-4.780220985412597656e-01
2.572970688343048096e-01
3.873514831066131592e-01
-4.614471197128295898e-01
-2.039612531661987305e-01
8.982963860034942627e-02
3.425319790840148926e-01
2.018346637487411499e-01
6.083703637123107910e-01
-5.675001740455627441e-01
-3.510889783501625061e-02
2.966049313545227051e-01
-3.838927671313285828e-02
-8.491411805152893066e-01
8.830723166465759277e-02
-2.365566194057464600e-01
-8.526135087013244629e-01
