-2.110472321510314941e-01
-7.663195580244064331e-02
6.394875049591064453e-01
3.096013665199279785e-01
-2.924191951751708984e-01
-8.317813277244567871e-02
1.467971950769424438e-01
-1.331947371363639832e-02
-2.296529114246368408e-01
5.066645145416259766e-01
3.389431834220886230e-01
2.150710076093673706e-01
4.011356830596923828e-02
-1.861630380153656006e-01
2.291879206895828247e-01
-5.540317893028259277e-01
-4.515304788947105408e-02
1.492283344268798828e-01
-1.016173437237739563e-01
2.003422826528549194e-01
-5.537777543067932129e-01
-1.413797736167907715e-01
5.260610580444335938e-01
2.427009940147399902e-01
-5.590404272079467773e-01
1.805777698755264282e-01
7.906437665224075317e-02
2.055555135011672974e-01
-4.551208019256591797e-01
1.069682538509368896e-01
-4.841844737529754639e-01
1.588411629199981689e-02
-7.961542010307312012e-01
6.786234676837921143e-02
-2.256503850221633911e-01
-3.182507157325744629e-01
8.230842649936676025e-02
2.522187232971191406e-01
2.996575534343719482e-01
-2.398295551538467407e-01
-4.583017230033874512e-01
3.976132869720458984e-01
-2.775253355503082275e-01
7.151070982217788696e-02
9.479197114706039429e-02
2.500625848770141602e-01
-1.205778792500495911e-01
-4.585718810558319092e-01
8.332792669534683228e-02
7.675990462303161621e-02
1.768098771572113037e-01
2.603492140769958496e-01
6.511845588684082031e-01
3.085683882236480713e-01
-1.208441928029060364e-01
3.038664460182189941e-01
2.404446303844451904e-01
1.690641641616821289e-01
-5.832353979349136353e-02
-5.767218470573425293e-01
4.007433950901031494e-01
-1.128458678722381592e-01
9.788952767848968506e-02
-8.776534348726272583e-02
-2.076933905482292175e-02
1.338995695114135742e-01
2.941999435424804688e-01
1.917462348937988281e-01
4.291598796844482422e-01
-1.046987414360046387e+00
-1.268415600061416626e-01
-3.909216225147247314e-01
-8.405315279960632324e-01
-4.109541699290275574e-02
-2.792066633701324463e-01
-3.737526535987854004e-01
2.035600841045379639e-01
1.494715511798858643e-01
2.678804397583007812e-01
3.623572885990142822e-01
5.910036712884902954e-02
-1.603296548128128052e-01
-4.756847396492958069e-02
1.020941615104675293e+00
2.539113759994506836e-01
4.129462838172912598e-01
4.630457162857055664e-01
-4.369355440139770508e-01
1.125108823180198669e-01
4.967873096466064453e-01
1.472756564617156982e-01
-1.349751353263854980e-01
2.860383391380310059e-01
1.132493540644645691e-01
1.516559720039367676e-01
-6.658828258514404297e-01
5.273807793855667114e-02
-4.691937565803527832e-01
-5.034161806106567383e-01
-1.344692260026931763e-01
-1.865802705287933350e-01
-7.372975349426269531e-03
2.637815177440643311e-01
-3.930038809776306152e-01
-4.685788154602050781e-01
1.494787335395812988e-01
-2.575860321521759033e-01
-3.482022881507873535e-01
2.160874754190444946e-01
-2.356907874345779419e-01
-1.450828462839126587e-02
1.908787935972213745e-01
1.075490713119506836e-01
1.285163313150405884e-01
1.366851925849914551e-01
9.340161085128784180e-02
2.061412334442138672e-01
3.340204656124114990e-01
1.095770969986915588e-01
2.514734566211700439e-01
-1.558909565210342407e-01
-9.893815219402313232e-02
2.225279510021209717e-01
2.027216106653213501e-01
-3.830839395523071289e-01
-2.350749969482421875e-01
-1.279093623161315918e-01
-4.106821119785308838e-02
