1.166000515222549438e-01
4.299052059650421143e-02
3.324117064476013184e-01
-2.177660912275314331e-01
-1.002619042992591858e-01
-3.986597955226898193e-01
1.848640739917755127e-01
2.879661917686462402e-01
-1.884277760982513428e-01
2.562209032475948334e-02
5.232005193829536438e-02
-1.810786500573158264e-02
-1.648716181516647339e-01
-2.582259774208068848e-01
2.302986383438110352e-01
-3.996884226799011230e-01
-1.239477619528770447e-01
1.810202002525329590e-01
3.814265429973602295e-01
-2.537789344787597656e-01
-1.514964252710342407e-01
-1.239213198423385620e-01
1.023500598967075348e-02
3.183853030204772949e-01
-2.687723636627197266e-01
-4.550938680768013000e-02
1.852214522659778595e-02
-3.264229595661163330e-01
1.787376105785369873e-01
-6.919944286346435547e-02
-8.237903006374835968e-03
3.796780109405517578e-02
-1.720833592116832733e-02
-6.892273575067520142e-02
-1.067580655217170715e-01
-4.036523103713989258e-01
3.766149580478668213e-01
2.993885278701782227e-01
2.679769694805145264e-01
-3.198906183242797852e-01
5.868057534098625183e-02
2.959722578525543213e-01
-4.040560722351074219e-01
1.944466084241867065e-01
4.492894411087036133e-01
1.711307168006896973e-01
1.369845569133758545e-01
-3.178460001945495605e-01
2.200398892164230347e-01
-2.895963564515113831e-02
-1.319670528173446655e-01
-7.249332964420318604e-02
1.738080680370330811e-01
-1.118650212883949280e-01
4.375759959220886230e-01
3.850745856761932373e-01
-2.730230987071990967e-01
-3.836424648761749268e-02
3.055374026298522949e-01
-4.467616379261016846e-01
4.131792485713958740e-01
-4.010739922523498535e-02
2.622760236263275146e-01
8.394040912389755249e-02
1.532704234123229980e-01
6.870053475722670555e-04
-1.774654835462570190e-01
5.168868973851203918e-02
2.089089713990688324e-02
-1.616626083850860596e-01
5.107064545154571533e-02
-1.482612490653991699e-01
-2.495878785848617554e-01
-2.328132987022399902e-01
-2.027847021818161011e-01
-3.706422448158264160e-01
2.171177715063095093e-01
3.382459878921508789e-01
-6.741572916507720947e-02
2.384517788887023926e-01
7.007461041212081909e-02
1.023958548903465271e-01
1.442858725786209106e-01
4.174786061048507690e-02
4.517427086830139160e-01
-1.614381968975067139e-01
5.503144264221191406e-01
-3.889147043228149414e-01
5.662552714347839355e-01
3.087294399738311768e-01
-1.224448457360267639e-01
1.673262119293212891e-01
-2.094767391681671143e-01
-7.100803405046463013e-02
5.638189911842346191e-01
-2.776352167129516602e-01
-2.985931038856506348e-01
-3.863121569156646729e-01
4.347032681107521057e-02
-2.632439136505126953e-01
-3.026237487792968750e-01
1.577331572771072388e-01
3.765578269958496094e-01
-1.545731872320175171e-01
-3.872411847114562988e-01
3.489556610584259033e-01
-3.304776176810264587e-02
-3.827515244483947754e-01
5.851885676383972168e-01
-4.617612063884735107e-01
2.169898152351379395e-01
-9.925954788923263550e-02
2.001007348299026489e-01
1.886118650436401367e-01
-2.233635932207107544e-01
1.000699698925018311e-01
3.527626097202301025e-01
3.594842851161956787e-01
2.136363089084625244e-01
5.901254415512084961e-01
-7.737889885902404785e-02
-5.768408998847007751e-02
1.083302870392799377e-01
6.414704769849777222e-02
-2.377529442310333252e-01
-2.328907549381256104e-01
-8.140750229358673096e-02
-2.723340392112731934e-01
