-3.982238471508026123e-01
-4.279868304729461670e-01
-7.429176568984985352e-02
-7.641281932592391968e-02
-2.765028476715087891e-01
-4.917401820421218872e-02
-2.336526513099670410e-01
1.693264245986938477e-01
-4.248144626617431641e-01
4.682684317231178284e-02
-1.877259928733110428e-03
-1.133347824215888977e-01
1.872731149196624756e-01
1.337305009365081787e-01
5.992659330368041992e-01
-5.717996358871459961e-01
-2.827594876289367676e-01
1.189349517226219177e-01
-1.862322986125946045e-01
1.966320425271987915e-01
2.247711867094039917e-01
-3.551748394966125488e-01
-1.705813780426979065e-02
3.356361091136932373e-01
-7.310619354248046875e-01
8.700824528932571411e-02
-2.833668291568756104e-01
-4.924539625644683838e-01
3.445608317852020264e-01
-3.752249181270599365e-01
-3.854775428771972656e-01
-5.543156713247299194e-02
-5.324253439903259277e-01
-3.614836558699607849e-02
-7.967674732208251953e-02
-1.424632668495178223e-01
-2.393413633108139038e-01
2.621765434741973877e-01
-2.236816799268126488e-03
4.273027479648590088e-01
-4.368178173899650574e-02
6.807591915130615234e-01
-1.714630983769893646e-02
2.510265409946441650e-01
5.250355601310729980e-01
1.565371826291084290e-02
1.155786439776420593e-01
4.901082515716552734e-01
1.226296648383140564e-01
-6.232691928744316101e-02
-2.822687663137912750e-02
-1.356468349695205688e-01
4.240230023860931396e-01
1.368759721517562866e-01
7.522500306367874146e-02
-2.114804387092590332e-01
4.129436016082763672e-01
6.837954372167587280e-02
5.314081907272338867e-01
1.166511029005050659e-01
1.485105454921722412e-01
3.330197334289550781e-01
3.728720359504222870e-03
2.167832255363464355e-01
-3.228605091571807861e-01
1.483526378870010376e-01
-3.916497826576232910e-01
-2.505295872688293457e-01
8.155477792024612427e-02
-1.627246588468551636e-01
-4.943807795643806458e-02
-1.384116616100072861e-02
-2.970436811447143555e-01
-2.254368737339973450e-03
2.173173725605010986e-01
-1.521469652652740479e-01
-8.835516870021820068e-02
1.645970940589904785e-01
-2.157942503690719604e-01
6.529476642608642578e-01
3.079833090305328369e-01
-3.112189471721649170e-01
-2.597211301326751709e-01
-6.500852108001708984e-02
-2.112622745335102081e-02
-4.173667728900909424e-01
4.822819530963897705e-01
1.748536080121994019e-01
-1.662461310625076294e-01
5.878098681569099426e-02
-1.286238282918930054e-01
1.239115148782730103e-01
-5.123690366744995117e-01
1.431636959314346313e-01
2.336587607860565186e-01
-4.564345777034759521e-01
-2.654129266738891602e-01
-4.254461824893951416e-01
-1.427376568317413330e-01
-1.993192136287689209e-01
-5.505457520484924316e-01
5.970102548599243164e-01
7.089605927467346191e-02
3.358452916145324707e-01
-1.635662466287612915e-01
-3.212867081165313721e-01
4.046260416507720947e-01
-4.663938879966735840e-01
-3.993583917617797852e-01
-7.841309905052185059e-01
1.367468595504760742e+00
-1.760770529508590698e-01
-2.041417062282562256e-01
5.666617155075073242e-01
-4.141232073307037354e-01
-2.296801656484603882e-01
-1.528732031583786011e-01
-6.722601503133773804e-02
5.774588584899902344e-01
4.284864068031311035e-01
-9.925593137741088867e-01
5.668544024229049683e-02
2.673650681972503662e-01
1.914214193820953369e-01
-3.301235735416412354e-01
-4.562205970287322998e-01
4.590481112245470285e-04
-5.972412228584289551e-01
