6.344594955444335938e-01
-1.858332753181457520e-01
4.505186975002288818e-01
1.995403766632080078e-01
-4.689863324165344238e-01
-1.239395737648010254e-01
2.780405879020690918e-01
-9.054496884346008301e-02
-4.913641139864921570e-02
-1.880588382482528687e-01
1.194395124912261963e-01
1.385424286127090454e-01
-4.700073301792144775e-01
-2.775307744741439819e-02
4.170127511024475098e-01
-7.032581567764282227e-01
-2.487424910068511963e-01
6.256879121065139771e-02
-2.252231538295745850e-01
-5.863671302795410156e-01
-1.479471921920776367e-01
-1.640610992908477783e-01
-5.984465032815933228e-02
-2.392338365316390991e-01
-1.295947432518005371e-01
6.532280147075653076e-02
3.839421570301055908e-01
1.287183016538619995e-01
-1.376323252916336060e-01
1.835634559392929077e-01
-1.932095140218734741e-01
-2.145069688558578491e-01
-1.128628402948379517e-01
-1.720674932003021240e-01
3.674860298633575439e-01
-3.158633112907409668e-01
1.745880395174026489e-01
5.738048814237117767e-03
1.070651784539222717e-01
-1.287716180086135864e-01
2.073286324739456177e-01
3.866240680217742920e-01
-3.007231354713439941e-01
3.502302765846252441e-01
4.210969209671020508e-01
-8.087604492902755737e-02
6.031715869903564453e-02
-3.170396983623504639e-01
2.419205196201801300e-02
-3.629498481750488281e-01
-1.063203886151313782e-01
-2.602411806583404541e-01
2.467233985662460327e-01
-1.494030654430389404e-01
9.428127408027648926e-01
2.608839571475982666e-01
1.257668156176805496e-02
-1.332165449857711792e-01
1.068550571799278259e-01
1.656623035669326782e-01
-2.989302389323711395e-02
1.173012107610702515e-01
4.241983965039253235e-02
2.790730595588684082e-01
-1.254716068506240845e-01
8.350554108619689941e-02
-3.648826181888580322e-01
-1.395199447870254517e-02
3.278040140867233276e-02
-4.629607200622558594e-01
-2.160254865884780884e-01
-7.299454882740974426e-03
-8.529949784278869629e-01
4.959922283887863159e-02
-1.302083134651184082e-01
-1.166783645749092102e-01
-1.423373222351074219e-01
1.372973918914794922e-01
8.820559084415435791e-02
4.781965017318725586e-01
2.283552736043930054e-01
-6.844241917133331299e-02
3.986729383468627930e-01
9.041194915771484375e-01
2.999230921268463135e-01
-7.420518249273300171e-02
4.297484159469604492e-01
-5.116885304450988770e-01
2.091206312179565430e-01
8.557951450347900391e-01
-3.599091470241546631e-01
-4.322260022163391113e-01
4.017799496650695801e-01
3.404114842414855957e-01
7.028583288192749023e-01
-2.163498289883136749e-02
-8.656190335750579834e-02
-7.233108878135681152e-01
2.461296766996383667e-01
-1.121749579906463623e-01
-1.434852182865142822e-01
2.676458954811096191e-01
4.195201098918914795e-01
-4.143049716949462891e-01
3.679907321929931641e-01
-1.147714406251907349e-01
-1.833941638469696045e-01
-4.266936779022216797e-01
4.829008877277374268e-02
-5.611979961395263672e-01
8.720208704471588135e-02
-4.922683835029602051e-01
-4.369415044784545898e-01
2.210733145475387573e-01
2.971454560756683350e-01
-2.292747497558593750e-01
-1.274762451648712158e-01
1.169002130627632141e-01
3.453113138675689697e-01
4.752996563911437988e-01
-5.001981258392333984e-01
-2.740148305892944336e-01
4.360069707036018372e-02
-4.391123354434967041e-01
-2.155801057815551758e-01
-3.539709150791168213e-01
-3.888582438230514526e-02
-9.086331725120544434e-02
