-1.285001039505004883e-01
5.965515375137329102e-01
4.249173104763031006e-01
-1.290262490510940552e-01
-3.700366914272308350e-01
1.328871678560972214e-02
-4.982750415802001953e-01
4.747900366783142090e-01
4.233118519186973572e-02
1.138552427291870117e-01
3.573983311653137207e-01
1.459136456251144409e-01
3.308540210127830505e-02
-3.958607316017150879e-01
4.545672833919525146e-01
-2.509901225566864014e-01
1.443263888359069824e-01
5.714649558067321777e-01
-1.950375288724899292e-01
3.637009859085083008e-02
-6.719995737075805664e-01
-1.025863289833068848e-01
-1.766282916069030762e-01
-3.566764295101165771e-02
-6.003230810165405273e-01
1.768136769533157349e-01
-8.180835843086242676e-02
2.106958180665969849e-01
-1.248174086213111877e-01
-4.758311063051223755e-02
2.623957097530364990e-01
4.015534520149230957e-01
-5.494797825813293457e-01
1.700793057680130005e-01
-2.510894834995269775e-01
-8.351256139576435089e-03
9.150190162472426891e-04
5.366639494895935059e-01
2.359670400619506836e-01
4.597266912460327148e-01
-1.211467310786247253e-01
4.480909109115600586e-01
-6.653047353029251099e-02
-6.428965181112289429e-02
5.389174818992614746e-02
-5.348924547433853149e-02
-2.637678980827331543e-01
-2.435573935508728027e-01
5.023704171180725098e-01
2.874202430248260498e-01
6.051335483789443970e-02
7.906058430671691895e-01
-1.943959146738052368e-01
-3.836287856101989746e-01
8.661706745624542236e-02
8.090622425079345703e-01
-2.754624001681804657e-02
1.592924147844314575e-01
7.064164280891418457e-01
2.843991518020629883e-01
4.555695056915283203e-01
-2.593568563461303711e-01
-1.076387148350477219e-02
-3.064983896911144257e-02
1.385215073823928833e-01
-2.203082442283630371e-01
-1.848002374172210693e-01
1.271793246269226074e-01
-1.268767416477203369e-01
-6.956730484962463379e-01
7.047034800052642822e-02
-1.831899583339691162e-01
-3.321501612663269043e-01
2.487713843584060669e-01
2.244017720222473145e-01
7.648067921400070190e-02
5.754792690277099609e-01
-1.789174526929855347e-01
-4.895968828350305557e-03
8.434607982635498047e-01
2.318316511809825897e-02
8.246372640132904053e-02
3.912392556667327881e-01
7.553937435150146484e-01
1.994964927434921265e-01
-1.289100199937820435e-01
5.860431790351867676e-01
1.564746946096420288e-01
-3.639370948076248169e-02
8.775641024112701416e-02
-2.009368836879730225e-01
-1.778083741664886475e-01
-1.418176442384719849e-01
-1.780722886323928833e-01
1.976136714220046997e-01
-4.844151139259338379e-01
-6.612769961357116699e-01
-7.450493574142456055e-01
3.955661654472351074e-01
-7.136581838130950928e-02
-6.480597853660583496e-01
9.195197224617004395e-01
6.192891597747802734e-01
1.135275140404701233e-01
-3.274158015847206116e-02
-1.971022635698318481e-01
1.820286363363265991e-01
-3.020606040954589844e-01
2.929286658763885498e-01
-3.300861120223999023e-01
9.809428453445434570e-02
4.779726639389991760e-02
-1.140224486589431763e-01
2.694159448146820068e-01
-1.897456794977188110e-01
6.860690563917160034e-02
-1.252320110797882080e-01
5.483338832855224609e-01
3.376573622226715088e-01
5.364490747451782227e-01
-8.366321325302124023e-01
-1.415967345237731934e-01
1.706712990999221802e-01
3.850341141223907471e-01
-4.751591384410858154e-02
-2.746708095073699951e-01
-5.843501091003417969e-01
-2.924813926219940186e-01
