4.136485457420349121e-01
-8.320717141032218933e-03
7.897802591323852539e-01
-1.635925769805908203e-01
-1.164025887846946716e-01
-1.624102704226970673e-02
-1.987905800342559814e-01
3.913644850254058838e-01
1.273837089538574219e-01
-9.793010354042053223e-02
4.155178554356098175e-03
1.800976693630218506e-01
-1.442473977804183960e-01
-1.456539481878280640e-01
-7.891432195901870728e-02
-3.320455551147460938e-01
2.110416889190673828e-01
3.015368878841400146e-01
2.405602782964706421e-01
-8.307471871376037598e-02
1.122472286224365234e-01
-1.850260943174362183e-01
2.222527563571929932e-01
-1.812940686941146851e-01
-6.286481022834777832e-01
-4.142600297927856445e-02
2.085158824920654297e-01
-5.304864048957824707e-01
-1.496767252683639526e-01
2.963830530643463135e-01
-3.322387337684631348e-01
-6.958444714546203613e-01
1.139200944453477859e-02
-2.964726090431213379e-01
-8.573245257139205933e-02
-1.205042600631713867e-01
-1.219622120261192322e-01
-8.795642107725143433e-02
6.244370341300964355e-01
-3.018554449081420898e-01
-6.366705894470214844e-02
3.217065632343292236e-01
-3.086321651935577393e-01
-4.141259491443634033e-01
1.107254102826118469e-01
3.267785906791687012e-02
3.718310892581939697e-01
1.936853677034378052e-01
-2.052396684885025024e-01
-1.284272819757461548e-01
6.037168949842453003e-02
-2.738684713840484619e-01
-4.643822088837623596e-02
2.510034143924713135e-01
1.583448201417922974e-01
3.290411233901977539e-01
-2.797531187534332275e-01
-4.009861499071121216e-02
1.142571307718753815e-02
-1.260307729244232178e-01
-6.839847564697265625e-02
1.548831444233655930e-02
3.895768523216247559e-02
3.908450901508331299e-01
2.241881042718887329e-01
-2.117505371570587158e-01
-5.646911263465881348e-01
-1.874529123306274414e-01
8.880005776882171631e-02
-4.574017226696014404e-01
-4.839687049388885498e-02
1.401595957577228546e-02
1.056096702814102173e-01
-8.211914449930191040e-02
-2.388276606798171997e-01
-2.369162738323211670e-01
1.758681386709213257e-01
-1.895430982112884521e-01
-3.431424498558044434e-01
4.614265859127044678e-01
-1.071437820792198181e-01
1.771265417337417603e-01
8.703299611806869507e-02
3.372733294963836670e-01
-2.463433891534805298e-02
-2.344703078269958496e-01
3.165040314197540283e-01
-2.308228611946105957e-01
1.766420453786849976e-01
-1.124728918075561523e-01
6.092831864953041077e-02
-3.724842667579650879e-01
-5.002468824386596680e-01
9.942491352558135986e-02
-1.099446788430213928e-01
-3.628153204917907715e-01
9.783717989921569824e-02
-2.555949091911315918e-01
4.937599599361419678e-02
-2.406808286905288696e-01
-3.742260336875915527e-01
7.155625522136688232e-02
1.875094622373580933e-01
-1.170843988656997681e-01
-2.917156219482421875e-01
-5.542262643575668335e-02
-2.567810118198394775e-01
6.212268024682998657e-02
2.684339284896850586e-01
-2.742860019207000732e-01
2.273584157228469849e-01
-4.921089112758636475e-02
-1.657230406999588013e-01
4.380606114864349365e-01
2.942625433206558228e-02
8.813199400901794434e-02
2.053826153278350830e-01
-6.677901744842529297e-02
2.729872465133666992e-01
1.403962075710296631e-01
-1.311419010162353516e-01
-3.862977772951126099e-02
-4.658123850822448730e-02
-1.394755840301513672e-01
-1.529382616281509399e-01
2.219802886247634888e-01
3.353042006492614746e-01
-1.769691854715347290e-01
