1.059435084462165833e-01
3.132665455341339111e-01
5.365843772888183594e-01
-2.465813979506492615e-02
-5.362945199012756348e-01
1.003532186150550842e-01
1.040645986795425415e-01
-9.333496540784835815e-02
-1.250321511179208755e-03
4.367352649569511414e-02
2.109901309013366699e-01
-2.994857430458068848e-01
4.290412962436676025e-01
-5.958966910839080811e-02
3.895432651042938232e-01
6.710938364267349243e-02
-2.951870858669281006e-01
9.798030853271484375e-01
1.936516910791397095e-01
-2.712953686714172363e-01
-1.630978435277938843e-01
4.179040491580963135e-01
2.552251219749450684e-01
3.803437352180480957e-01
-2.217886149883270264e-01
2.496609538793563843e-01
1.064343750476837158e-01
3.905897736549377441e-01
3.439878821372985840e-01
-5.105385780334472656e-01
-3.302972912788391113e-01
1.806745976209640503e-01
-3.540733158588409424e-01
4.261409938335418701e-01
-1.607057452201843262e-02
-5.642073154449462891e-01
4.296388849616050720e-02
3.707705438137054443e-01
2.399828433990478516e-01
-1.651251614093780518e-01
-1.152749359607696533e-01
3.199455738067626953e-01
-2.814197838306427002e-01
-1.177127808332443237e-01
1.641118675470352173e-01
4.419478774070739746e-01
-9.853690862655639648e-02
-6.977075338363647461e-01
-5.369417071342468262e-01
-7.708839327096939087e-02
-1.541788578033447266e-01
1.172846257686614990e-01
5.095925331115722656e-01
-2.787551842629909515e-02
-1.396506577730178833e-01
9.260176420211791992e-01
-3.209216892719268799e-01
-1.481886766850948334e-02
-7.587854564189910889e-02
-5.513275861740112305e-01
1.463098973035812378e-01
-6.143096834421157837e-02
2.086741179227828979e-01
8.841522783041000366e-02
3.260527253150939941e-01
-1.857956945896148682e-01
-5.796602964401245117e-01
7.570679783821105957e-01
-1.749396026134490967e-01
-2.653891146183013916e-01
1.658141165971755981e-01
4.156899452209472656e-02
-7.855351567268371582e-01
-2.518038451671600342e-02
-2.370366007089614868e-01
-1.028231233358383179e-01
-2.910048067569732666e-01
8.217914402484893799e-02
7.480709999799728394e-02
5.419875979423522949e-01
1.996817737817764282e-01
-3.233323693275451660e-01
2.361225187778472900e-01
4.697394967079162598e-01
1.685634851455688477e-01
4.198761656880378723e-02
6.137999296188354492e-01
-5.309321880340576172e-01
-1.695079654455184937e-01
7.725852131843566895e-01
2.807610435411334038e-03
-2.290438115596771240e-01
-7.151115685701370239e-03
4.431340843439102173e-02
-8.562709391117095947e-02
-1.607873886823654175e-01
1.692355275154113770e-01
-1.269776225090026855e-01
3.349025845527648926e-01
1.896028369665145874e-01
-4.290381371974945068e-01
8.509765267372131348e-01
3.744688928127288818e-01
-8.184443414211273193e-02
1.689112782478332520e-01
5.657756328582763672e-02
-5.401638150215148926e-01
-5.529315471649169922e-01
-2.615115344524383545e-01
-5.151991248130798340e-01
3.627933859825134277e-01
-9.021838754415512085e-02
-3.075770139694213867e-01
3.311064466834068298e-02
-1.817345321178436279e-01
-2.216082066297531128e-03
-3.628115728497505188e-02
3.413765132427215576e-01
2.518754601478576660e-01
7.488073110580444336e-01
-3.965562582015991211e-01
-7.784385979175567627e-02
2.529000341892242432e-01
2.250105375424027443e-03
-7.694576978683471680e-01
-4.209151118993759155e-02
1.346153169870376587e-01
-2.601628899574279785e-01
