2.114761620759963989e-01
7.968035936355590820e-01
4.523693919181823730e-01
-3.012446165084838867e-01
2.582421004772186279e-01
-2.166144102811813354e-01
2.919350564479827881e-01
6.943662464618682861e-02
-4.318641126155853271e-02
2.057633846998214722e-01
4.147741198539733887e-01
2.053503133356571198e-02
5.998618900775909424e-02
-6.279889941215515137e-01
9.515102021396160126e-03
-5.140504613518714905e-02
6.212722063064575195e-01
-1.982466429471969604e-01
-2.748167812824249268e-01
7.380495965480804443e-02
1.264389455318450928e-01
-3.540071547031402588e-01
3.804753124713897705e-01
-1.671290695667266846e-01
-8.552348613739013672e-02
1.184606477618217468e-01
-8.220613747835159302e-02
5.242038369178771973e-01
5.911407470703125000e-01
-8.933341503143310547e-02
-2.839928865432739258e-01
-9.985959529876708984e-02
-2.677225172519683838e-01
-1.515347976237535477e-02
1.004617214202880859e-01
1.596961915493011475e-01
-2.229657918214797974e-01
4.133072197437286377e-01
6.162559986114501953e-01
1.309771239757537842e-01
-4.462048709392547607e-01
1.489082574844360352e-01
-4.201102256774902344e-01
-1.193424165248870850e-01
-2.781065106391906738e-01
3.794422149658203125e-01
1.469045430421829224e-01
-9.562453627586364746e-02
3.461855947971343994e-01
1.687680035829544067e-01
4.015706479549407959e-01
1.486045420169830322e-01
2.234968692064285278e-01
2.681641280651092529e-01
-5.747126936912536621e-01
5.586463212966918945e-01
2.173396199941635132e-01
1.184903681278228760e-01
8.784531354904174805e-01
-2.469764277338981628e-02
1.768243163824081421e-01
-1.140652894973754883e-01
1.756355166435241699e-01
2.238913327455520630e-01
-9.113889187574386597e-02
-4.879977107048034668e-01
3.496973216533660889e-01
3.475282788276672363e-01
3.728454709053039551e-01
-6.505112163722515106e-03
1.658334881067276001e-01
-1.744868755340576172e-01
-1.536618918180465698e-01
2.240947782993316650e-01
-2.176304012537002563e-01
-4.938140511512756348e-01
-2.469576150178909302e-02
1.017051413655281067e-01
-1.784317940473556519e-01
4.440762102603912354e-01
-2.630206644535064697e-01
-2.533184587955474854e-01
8.191313594579696655e-02
5.508033037185668945e-01
-3.151907324790954590e-01
3.688856661319732666e-01
8.803951740264892578e-01
-7.104575037956237793e-01
1.534254103899002075e-01
3.910521268844604492e-01
2.518266141414642334e-01
-7.007187604904174805e-02
3.699285387992858887e-01
-9.708161465823650360e-03
5.326312184333801270e-01
-9.857637286186218262e-01
-5.237982273101806641e-01
-6.616822481155395508e-01
-7.684596627950668335e-02
-3.107731938362121582e-01
-6.398935914039611816e-01
9.853491932153701782e-02
5.099002122879028320e-01
-1.619830727577209473e-01
-1.981304883956909180e-01
-4.553478956222534180e-01
-7.672165036201477051e-01
-1.342317312955856323e-01
4.763328433036804199e-01
-4.862062036991119385e-01
-9.367749840021133423e-02
-9.060294628143310547e-01
-2.170062065124511719e-01
-9.675712138414382935e-02
1.747409999370574951e-01
1.000274568796157837e-01
3.089529573917388916e-01
2.979940176010131836e-01
2.313029617071151733e-01
9.094960242509841919e-02
-4.932786226272583008e-01
-5.414451360702514648e-01
-1.030128598213195801e-01
-1.706048250198364258e-01
-2.231634967029094696e-02
-6.363109350204467773e-01
-2.638352811336517334e-01
9.948067367076873779e-02
