1.726366728544235229e-01
3.424673676490783691e-01
5.813466310501098633e-01
-2.400403469800949097e-01
-6.496082544326782227e-01
3.107946217060089111e-01
1.721891015768051147e-01
-3.090044558048248291e-01
-6.066901087760925293e-01
-5.076031014323234558e-02
-3.857788071036338806e-02
6.936369836330413818e-02
-6.269944310188293457e-01
1.440998259931802750e-02
2.536000907421112061e-01
-6.702858209609985352e-01
-4.049714654684066772e-02
5.927768349647521973e-01
-1.788536012172698975e-01
3.422077745199203491e-02
1.004895046353340149e-01
3.665538728237152100e-01
-3.273645043373107910e-01
7.390419840812683105e-01
9.346447885036468506e-03
1.149791479110717773e-02
2.898285388946533203e-01
-1.652763336896896362e-01
1.622193157672882080e-01
-5.482823848724365234e-01
-1.401235461235046387e-01
2.289652526378631592e-01
4.107287526130676270e-02
2.841199934482574463e-01
1.509986221790313721e-01
3.233353197574615479e-01
-5.422344803810119629e-01
-8.511531166732311249e-03
-1.928946562111377716e-02
-1.643567383289337158e-01
-2.828865945339202881e-01
8.077434301376342773e-01
-1.546099334955215454e-01
-2.474381774663925171e-01
5.546507835388183594e-01
-5.393985658884048462e-02
-1.934815496206283569e-01
1.572235822677612305e-01
3.659777343273162842e-01
2.123437225818634033e-01
1.756308078765869141e-01
-3.324242830276489258e-01
2.911766171455383301e-01
9.264297038316726685e-02
2.057695090770721436e-01
-2.089870721101760864e-01
-5.871748179197311401e-02
-1.446059495210647583e-01
3.475327417254447937e-02
1.794536709785461426e-01
3.476072549819946289e-01
4.717182815074920654e-01
1.406858414411544800e-01
-6.997780501842498779e-02
3.570702075958251953e-01
2.475525438785552979e-01
-4.310991764068603516e-01
1.336105763912200928e-01
5.451565384864807129e-01
2.363010048866271973e-01
4.179874956607818604e-01
6.960541009902954102e-02
-4.157310351729393005e-02
1.925210356712341309e-01
-1.870766878128051758e-01
1.711402647197246552e-02
3.008984029293060303e-01
6.376640796661376953e-01
6.443139282055199146e-04
2.205315381288528442e-01
2.888878248631954193e-02
-5.047853589057922363e-01
-2.430107295513153076e-01
5.229142904281616211e-01
7.959434390068054199e-02
-7.727323174476623535e-01
7.840394973754882812e-01
-4.343845415860414505e-03
-8.999656885862350464e-02
4.484454169869422913e-02
-4.967368841171264648e-01
-1.346727311611175537e-01
-5.356665849685668945e-01
-5.101938247680664062e-01
8.104099631309509277e-01
-1.878166496753692627e-01
-4.979172050952911377e-01
-4.571822881698608398e-01
-2.159541994333267212e-01
-7.450004667043685913e-02
-3.366771340370178223e-01
5.576887354254722595e-02
1.473465412855148315e-01
-3.581539094448089600e-01
-8.999271318316459656e-03
9.869510307908058167e-03
-3.723961412906646729e-01
-2.682677805423736572e-01
7.532305270433425903e-02
-6.930723786354064941e-01
9.265830516815185547e-01
-2.380398213863372803e-01
-3.727516829967498779e-01
-2.177357859909534454e-02
-6.515969038009643555e-01
-1.164015941321849823e-02
2.050051689147949219e-01
4.105673357844352722e-02
7.354021668434143066e-01
6.807376742362976074e-01
-8.330906033515930176e-01
-3.575673997402191162e-01
6.527330279350280762e-01
1.295873522758483887e-01
-1.621101498603820801e-01
-2.883222401142120361e-01
1.995668262243270874e-01
-2.398941814899444580e-01
