-3.311147987842559814e-01
-3.500131666660308838e-01
6.039838790893554688e-01
-1.037396043539047241e-01
-6.322676539421081543e-01
4.319665431976318359e-01
-5.130426287651062012e-01
5.373271182179450989e-02
3.747474029660224915e-02
-9.710569679737091064e-02
-1.530068460851907730e-02
-7.054734826087951660e-01
-1.019738987088203430e-01
-5.315069481730461121e-02
2.427894026041030884e-01
-5.575754046440124512e-01
-4.375039339065551758e-01
8.554264903068542480e-01
1.262341998517513275e-02
2.644131481647491455e-01
-4.569620788097381592e-01
-8.544921875000000000e-01
3.438556194305419922e-01
-8.772280812263488770e-01
4.391308128833770752e-02
5.285875797271728516e-01
-3.618215322494506836e-01
-1.569738239049911499e-01
-2.959094010293483734e-02
1.124404370784759521e-01
-4.048898518085479736e-01
-1.160723865032196045e-01
-7.129814624786376953e-01
3.137380182743072510e-01
3.163154423236846924e-01
1.928729712963104248e-01
-1.484163999557495117e-01
4.125507175922393799e-01
-5.594512447714805603e-02
-1.897138506174087524e-01
1.246007233858108521e-01
-2.816129941493272781e-03
-3.870634362101554871e-02
4.651669561862945557e-01
1.793833673000335693e-01
7.730215191841125488e-01
-9.635119349695742130e-04
-1.662706434726715088e-01
-1.628282368183135986e-01
-8.211437463760375977e-01
-1.400832384824752808e-01
1.246283575892448425e-01
3.725545108318328857e-01
3.272406458854675293e-01
7.694861888885498047e-01
5.198058485984802246e-01
4.101047292351722717e-02
2.991352975368499756e-01
1.058965846896171570e-01
1.594085246324539185e-01
-2.755703330039978027e-01
-9.531864896416664124e-03
-4.937101528048515320e-02
4.764710068702697754e-01
-3.265433311462402344e-01
3.699427545070648193e-01
-2.052806019783020020e-01
2.129627019166946411e-01
-1.907370686531066895e-01
-5.542794466018676758e-01
3.958129584789276123e-01
-4.852152466773986816e-01
-7.228829264640808105e-01
-3.463063836097717285e-01
1.945642977952957153e-01
2.065533548593521118e-01
1.165309101343154907e-01
9.382303059101104736e-02
2.129974663257598877e-01
3.641795367002487183e-02
1.518151909112930298e-01
-3.317350149154663086e-02
2.760393917560577393e-01
9.037979245185852051e-01
6.074612736701965332e-01
-5.579416453838348389e-02
4.728861451148986816e-01
-6.397148966789245605e-01
1.448019444942474365e-01
-8.729190565645694733e-03
-3.672726750373840332e-01
2.081600576639175415e-01
-5.012208819389343262e-01
3.213882744312286377e-01
2.133390903472900391e-01
-2.721464931964874268e-01
-9.064705967903137207e-01
-1.053511857986450195e+00
1.430099606513977051e-01
-3.510894179344177246e-01
-6.992292404174804688e-01
2.444870024919509888e-01
3.929252177476882935e-02
-9.158840179443359375e-01
1.047474220395088196e-01
1.274235248565673828e-01
-5.029781460762023926e-01
2.968643903732299805e-01
3.973753750324249268e-01
-5.381577610969543457e-01
-2.178817540407180786e-01
-4.259802401065826416e-01
-1.927187442779541016e-01
-4.351911842823028564e-01
5.754367262125015259e-02
-1.712273210287094116e-01
2.071843249723315239e-03
4.844630658626556396e-01
-5.295864343643188477e-01
5.553589463233947754e-01
-3.832519948482513428e-01
-3.650608658790588379e-01
-3.653896749019622803e-01
-1.901024580001831055e-01
-4.569098949432373047e-01
-3.134037256240844727e-01
-2.291044741868972778e-01
-5.103342533111572266e-01
