-2.740971446037292480e-01
-9.083980321884155273e-02
7.934893369674682617e-01
-8.595800995826721191e-01
-2.288568206131458282e-02
1.762147396802902222e-01
-7.700453400611877441e-01
8.898442611098289490e-03
-1.709939390420913696e-01
2.837431966327130795e-04
-1.318904608488082886e-01
-2.846938371658325195e-01
-1.601367890834808350e-01
3.891873955726623535e-01
1.005928397178649902e+00
-1.343015581369400024e-01
-4.685404300689697266e-01
3.730340898036956787e-01
2.033035457134246826e-02
-2.121769078075885773e-02
-2.691571600735187531e-02
-6.965807676315307617e-01
1.849445700645446777e-02
-2.623187601566314697e-01
-8.545047640800476074e-01
2.349188476800918579e-01
-3.838751316070556641e-01
7.230862379074096680e-01
2.681336700916290283e-01
6.912560202181339264e-04
1.142311245203018188e-01
-5.274931192398071289e-01
4.901023581624031067e-02
4.239878952503204346e-01
-2.065997421741485596e-01
-3.308840095996856689e-01
-2.518066167831420898e-01
2.650175690650939941e-01
8.740096688270568848e-01
-1.836199611425399780e-01
-1.266820728778839111e-01
-3.479278087615966797e-01
1.196867041289806366e-02
2.800438106060028076e-01
3.911087214946746826e-01
1.640267968177795410e-01
6.713775545358657837e-02
-2.113583236932754517e-01
-1.743992120027542114e-01
5.177285075187683105e-01
3.547403812408447266e-01
1.906626075506210327e-01
6.277184933423995972e-02
1.866885870695114136e-01
-1.354378163814544678e-01
8.684615045785903931e-02
3.715691268444061279e-01
-1.472976803779602051e-01
-5.733945965766906738e-01
3.450708985328674316e-01
-1.117236465215682983e-01
4.237520992755889893e-01
2.602208219468593597e-02
-5.291707813739776611e-02
2.231872677803039551e-01
-1.401609033346176147e-01
-5.527349561452865601e-02
7.014496624469757080e-02
5.890931487083435059e-01
-7.292019128799438477e-01
-3.750539124011993408e-01
3.852373957633972168e-01
-3.455677330493927002e-01
-2.971610799431800842e-02
-2.060759663581848145e-01
-4.068090021610260010e-01
-6.986369937658309937e-02
4.837273359298706055e-01
-2.479062825441360474e-01
5.942716002464294434e-01
1.634683609008789062e-01
-1.466821581125259399e-01
-1.808715164661407471e-01
6.710520386695861816e-01
-2.173027843236923218e-01
-6.039320230484008789e-01
4.848424494266510010e-01
-6.533723473548889160e-01
4.612188339233398438e-01
4.798048734664916992e-01
-1.939939409494400024e-01
-1.739334017038345337e-01
6.662012636661529541e-02
1.497129052877426147e-01
1.097653806209564209e-01
-3.741726577281951904e-01
-6.782711483538150787e-03
8.654445409774780273e-02
-3.286298215389251709e-01
5.824853666126728058e-03
-6.927438378334045410e-01
5.558527112007141113e-01
2.076407372951507568e-01
5.365105271339416504e-01
-1.886602789163589478e-01
-1.755867004394531250e-01
-4.067484736442565918e-01
-3.224887847900390625e-01
3.278279602527618408e-01
-3.905280679464340210e-02
3.861980745568871498e-03
-1.291606128215789795e-01
8.722467720508575439e-02
1.157580465078353882e-01
-5.837334394454956055e-01
7.674865722656250000e-01
-1.376167386770248413e-01
-1.201686710119247437e-01
2.974754869937896729e-01
2.717436850070953369e-01
-3.199090957641601562e-01
-2.522619664669036865e-01
6.719043850898742676e-01
-5.393998622894287109e-01
-6.939898729324340820e-01
-4.362520575523376465e-01
1.146014034748077393e-01
-3.626647293567657471e-01
