-4.205735325813293457e-01
-3.332118391990661621e-01
1.738841682672500610e-01
-1.070078313350677490e-01
-1.006119549274444580e-01
4.091214388608932495e-02
-1.015777066349983215e-01
-1.146116033196449280e-01
7.287948857992887497e-03
9.770894795656204224e-02
2.551306486129760742e-01
-4.144607186317443848e-01
-2.950260788202285767e-02
4.187350273132324219e-01
5.270150899887084961e-01
-4.039240479469299316e-01
-7.865614444017410278e-02
4.676680862903594971e-01
1.393381413072347641e-02
-3.084599375724792480e-01
1.751029640436172485e-01
1.573795825242996216e-01
-2.331967651844024658e-01
1.015415117144584656e-01
-6.979430317878723145e-01
6.046269536018371582e-01
4.018036648631095886e-02
-2.071819007396697998e-01
2.289735078811645508e-01
-7.722619175910949707e-02
-6.097882986068725586e-01
-1.893955618143081665e-01
-1.069519519805908203e-01
-1.875578314065933228e-01
-1.930782943964004517e-01
3.583045899868011475e-01
1.634392291307449341e-01
6.162683963775634766e-01
5.579937696456909180e-01
1.466532200574874878e-01
1.729728281497955322e-01
3.785066604614257812e-01
8.863398432731628418e-02
1.378473192453384399e-01
2.095921188592910767e-01
1.998762935400009155e-01
5.453968886286020279e-03
-3.256087303161621094e-01
1.269132271409034729e-02
-6.019136309623718262e-02
2.220961004495620728e-01
3.848108053207397461e-01
4.080263972282409668e-01
3.121578991413116455e-01
2.130839973688125610e-01
7.550333440303802490e-02
2.635554075241088867e-01
-8.685218542814254761e-02
2.817890048027038574e-01
1.573732942342758179e-01
1.108262166380882263e-01
4.149852991104125977e-01
3.533093035221099854e-01
-1.613566726446151733e-01
5.663137882947921753e-03
1.415919512510299683e-01
-1.101102866232395172e-02
2.855817377567291260e-01
3.947591483592987061e-01
-1.675052344799041748e-01
3.350888192653656006e-01
1.135284081101417542e-02
-6.669306159019470215e-01
-6.838992238044738770e-02
-1.725035533308982849e-02
-2.403588593006134033e-02
4.268465191125869751e-02
1.428804825991392136e-02
-6.317785382270812988e-02
6.220540404319763184e-01
-2.320724278688430786e-01
-1.284574121236801147e-01
-1.381661742925643921e-01
8.232013136148452759e-02
-2.951390855014324188e-02
-3.470754921436309814e-01
4.869216382503509521e-01
-3.309740722179412842e-01
2.945448756217956543e-01
1.134862005710601807e-01
-2.949683368206024170e-01
-1.790281236171722412e-01
-3.188177943229675293e-01
-1.652986109256744385e-01
5.691685676574707031e-01
-4.879319667816162109e-01
-5.655306577682495117e-01
-1.422617584466934204e-02
-1.839378625154495239e-01
-7.671551406383514404e-02
-5.322535634040832520e-01
4.309457242488861084e-01
2.135763615369796753e-01
-2.032646387815475464e-01
-9.023179113864898682e-02
-2.914941310882568359e-02
-7.070726156234741211e-02
-3.994602262973785400e-01
-2.640742063522338867e-01
-3.495337665081024170e-01
4.912333190441131592e-01
-2.899538874626159668e-01
1.691746525466442108e-02
5.647062137722969055e-02
-8.341758511960506439e-04
6.672880053520202637e-02
-1.147756911814212799e-02
-1.097700074315071106e-01
1.587984561920166016e-01
2.590066492557525635e-01
-4.759973883628845215e-01
-2.703309655189514160e-01
2.177921682596206665e-01
-6.051367148756980896e-03
-3.081305921077728271e-01
-7.301842421293258667e-02
5.847736075520515442e-02
-3.002691566944122314e-01
