4.505837708711624146e-02
8.819529414176940918e-02
2.099314779043197632e-01
-8.890768140554428101e-02
-2.437727898359298706e-01
1.700430810451507568e-01
-6.920027732849121094e-02
-9.413869120180606842e-04
-1.106729060411453247e-01
2.192952930927276611e-01
1.183608695864677429e-01
-2.850799560546875000e-01
1.116938516497612000e-01
-4.603072255849838257e-02
1.302195042371749878e-01
-4.090883433818817139e-01
-6.349068880081176758e-02
5.835372209548950195e-01
2.755657732486724854e-01
-6.576959490776062012e-01
-4.663732647895812988e-02
2.204784303903579712e-01
1.539058834314346313e-01
-1.274195127189159393e-02
-2.976530492305755615e-01
-5.056507885456085205e-02
1.884764730930328369e-01
5.043034628033638000e-02
-6.978218257427215576e-02
9.293120354413986206e-02
-5.123517513275146484e-01
-4.586894512176513672e-01
9.800294786691665649e-02
3.586159944534301758e-01
-8.915892243385314941e-02
-3.684430718421936035e-01
1.335636228322982788e-01
5.255364179611206055e-01
2.381349056959152222e-01
-3.084492087364196777e-01
3.220138251781463623e-01
4.454845190048217773e-01
-6.236782670021057129e-01
-1.230899542570114136e-01
1.611349433660507202e-01
3.573027849197387695e-01
2.038521319627761841e-01
-4.331227838993072510e-01
2.114478051662445068e-01
1.492192298173904419e-01
1.279965639114379883e-01
1.467521786689758301e-01
5.629189014434814453e-01
-9.512016177177429199e-02
2.551341652870178223e-01
2.499532252550125122e-01
1.520823594182729721e-02
1.931360363960266113e-01
2.653030157089233398e-01
-3.024042248725891113e-01
-9.329454042017459869e-03
8.082705140113830566e-01
-1.179856508970260620e-01
-1.760197579860687256e-01
5.244806408882141113e-01
2.823162674903869629e-01
2.083940058946609497e-01
1.274154037237167358e-01
-3.742278367280960083e-02
-1.941348463296890259e-01
3.971380591392517090e-01
1.060764268040657043e-01
-2.552844583988189697e-01
-4.535739123821258545e-02
-5.842383503913879395e-01
-2.363962531089782715e-01
-1.779255121946334839e-01
1.644019037485122681e-01
-5.935813859105110168e-02
6.268504858016967773e-01
1.158820539712905884e-01
-1.366729885339736938e-01
5.317242741584777832e-01
3.434235453605651855e-01
4.645222723484039307e-01
-2.398028671741485596e-01
1.046880960464477539e+00
-3.081920370459556580e-02
6.041043996810913086e-02
6.203427910804748535e-01
-2.726335078477859497e-02
-3.618464469909667969e-01
-2.352147102355957031e-01
3.252835199236869812e-02
4.081819951534271240e-01
-2.460894435644149780e-01
-5.089861154556274414e-01
-5.766919851303100586e-01
-1.095555797219276428e-01
1.057782992720603943e-01
-6.161924451589584351e-02
-2.239151485264301300e-02
5.047619938850402832e-01
-1.362717449665069580e-01
2.935068011283874512e-01
-1.470989733934402466e-01
1.091100275516510010e-01
-8.843524008989334106e-02
2.436963319778442383e-01
-1.210403218865394592e-01
2.294611185789108276e-01
-4.951568543910980225e-01
1.395509541034698486e-01
3.746391832828521729e-02
1.887980699539184570e-01
2.579979598522186279e-01
-1.334452182054519653e-01
1.136672645807266235e-01
2.885463535785675049e-01
6.650806665420532227e-01
-8.362276554107666016e-01
4.837030544877052307e-02
2.443996816873550415e-01
5.692964196205139160e-01
-6.885299831628799438e-02
-7.422094792127609253e-02
2.251012772321701050e-01
-1.121238842606544495e-01
