1.761023700237274170e-01
-4.041435718536376953e-01
1.377275437116622925e-01
3.294129371643066406e-01
-2.460106909275054932e-01
-2.846934497356414795e-01
-4.929391667246818542e-02
3.913496732711791992e-01
3.113653659820556641e-01
-4.999517500400543213e-01
-4.852750524878501892e-02
-2.270453423261642456e-01
-4.362407922744750977e-01
-4.457866847515106201e-01
-2.722308635711669922e-01
-1.896560788154602051e-01
-2.850378155708312988e-01
6.892479211091995239e-02
1.500783413648605347e-01
-3.337084352970123291e-01
9.499381780624389648e-01
3.684574365615844727e-02
-4.201321676373481750e-02
-2.928610146045684814e-01
-2.003424316644668579e-01
-4.069359898567199707e-01
5.102455615997314453e-03
3.023515641689300537e-01
2.223760336637496948e-01
-4.948590993881225586e-01
-2.280460894107818604e-01
-6.354006528854370117e-01
-3.418561220169067383e-01
3.676419332623481750e-02
-2.885295450687408447e-01
5.613168478012084961e-01
-2.094216495752334595e-01
4.666317105293273926e-01
8.843022584915161133e-02
-6.649145483970642090e-01
1.910875886678695679e-01
5.032946467399597168e-01
-5.379932522773742676e-01
-5.622571706771850586e-01
3.914892077445983887e-01
2.304392755031585693e-01
4.447969794273376465e-01
-2.638990283012390137e-01
-3.209637850522994995e-02
2.740584909915924072e-01
1.081350967288017273e-01
-2.858065664768218994e-01
6.894490718841552734e-01
1.549671292304992676e-01
1.993209719657897949e-01
5.022449493408203125e-01
1.644765138626098633e-01
2.742245495319366455e-01
-1.403343528509140015e-01
1.832735538482666016e-01
-8.857218921184539795e-02
-3.065577447414398193e-01
2.874859571456909180e-01
-1.674664169549942017e-01
2.255883663892745972e-01
1.648807339370250702e-02
2.430742830038070679e-01
4.000744819641113281e-01
3.355884850025177002e-01
-1.087630763649940491e-01
3.368554413318634033e-01
-2.892958223819732666e-01
1.386681646108627319e-01
-1.107530370354652405e-01
-3.444127440452575684e-01
-2.003992199897766113e-01
3.726570904254913330e-01
3.574929535388946533e-01
4.615513980388641357e-01
5.292839407920837402e-01
2.647544145584106445e-01
-1.378438025712966919e-01
-5.740060284733772278e-02
8.028744459152221680e-01
3.502237200736999512e-01
4.186649024486541748e-01
3.365771472454071045e-01
-4.992918670177459717e-01
1.395474523305892944e-01
2.180822193622589111e-01
-6.197530031204223633e-02
-4.128679633140563965e-01
8.991510421037673950e-02
2.975535392761230469e-01
3.134579062461853027e-01
1.228192672133445740e-01
-3.693030476570129395e-01
-5.297755599021911621e-01
3.433895483613014221e-02
-3.141505122184753418e-01
-4.467847943305969238e-01
3.586965203285217285e-01
3.396410346031188965e-01
-4.026187658309936523e-01
-6.636962890625000000e-01
-8.161714673042297363e-01
-1.722981035709381104e-01
-4.052312672138214111e-01
4.262454509735107422e-01
-2.106053531169891357e-01
4.581622183322906494e-01
-4.594239890575408936e-01
3.083427250385284424e-01
2.382949739694595337e-01
1.918904334306716919e-01
-4.879589378833770752e-02
-3.106720447540283203e-01
2.474247962236404419e-01
5.767722129821777344e-01
3.633824735879898071e-02
-4.354566931724548340e-01
-7.148822546005249023e-01
4.476280212402343750e-01
-1.094153970479965210e-01
1.974250376224517822e-01
1.840452477335929871e-02
3.503544256091117859e-02
-3.671389222145080566e-01
