-5.711924657225608826e-02
-4.392316192388534546e-02
-4.096253961324691772e-02
-5.806132555007934570e-01
-4.208393990993499756e-01
-4.274047315120697021e-01
-3.255644738674163818e-01
3.897268176078796387e-01
-2.912199497222900391e-01
5.508869886398315430e-02
-2.607781626284122467e-02
-5.509902834892272949e-01
-6.534978151321411133e-01
-4.835225269198417664e-02
-1.201192811131477356e-01
-6.356966495513916016e-01
-5.097152590751647949e-01
3.490160405635833740e-02
-2.287165075540542603e-02
-1.733818054199218750e-01
-1.752548515796661377e-01
-5.230503529310226440e-02
-4.868497699499130249e-02
-3.040242493152618408e-01
4.801196977496147156e-02
-2.646109163761138916e-01
-2.013195119798183441e-02
5.885459184646606445e-01
-1.171968057751655579e-01
-2.820827066898345947e-01
-7.597047090530395508e-02
-5.654377341270446777e-01
7.602936122566461563e-03
2.174950838088989258e-01
-8.508279174566268921e-02
1.659466326236724854e-01
1.325844824314117432e-01
2.513072192668914795e-01
-3.015061914920806885e-01
-7.090395092964172363e-01
3.395525515079498291e-01
-9.525921940803527832e-02
-5.353404283523559570e-01
2.104074358940124512e-01
3.275454342365264893e-01
1.480620950460433960e-01
3.075174093246459961e-01
-5.579131245613098145e-01
-1.873372197151184082e-01
3.729088008403778076e-01
-3.487748503684997559e-01
1.133496463298797607e-01
6.132537126541137695e-01
5.837429165840148926e-01
6.018541455268859863e-01
4.041460454463958740e-01
3.369948267936706543e-01
4.565977156162261963e-01
-7.171750068664550781e-03
4.756062328815460205e-01
-2.373746633529663086e-01
-5.738161876797676086e-02
1.188174188137054443e-01
-1.553929150104522705e-01
2.678237557411193848e-01
1.741904951632022858e-02
-2.545644938945770264e-01
-7.884189486503601074e-03
3.597904741764068604e-01
-5.985066890716552734e-01
2.257187962532043457e-01
7.873883098363876343e-02
-2.804996073246002197e-01
-9.943760931491851807e-02
1.537438780069351196e-01
-8.517716079950332642e-02
1.888895183801651001e-01
1.120349988341331482e-01
-5.058552324771881104e-02
4.261968135833740234e-01
2.698694169521331787e-01
1.696524173021316528e-01
2.658343873918056488e-02
4.625564515590667725e-01
1.309433877468109131e-01
2.854751348495483398e-01
6.558840870857238770e-01
-8.912868499755859375e-01
1.721134334802627563e-01
5.689612030982971191e-01
-3.659247457981109619e-01
-8.452274203300476074e-01
-3.911070525646209717e-01
-1.963063627481460571e-01
2.760711312294006348e-01
2.782551199197769165e-02
-1.455557942390441895e-01
-4.987224340438842773e-01
-3.757131695747375488e-01
-2.750829458236694336e-01
-3.609505593776702881e-01
-8.475752174854278564e-02
2.030771821737289429e-01
-3.987083137035369873e-01
-2.446758896112442017e-01
-1.665406525135040283e-01
-7.230648398399353027e-02
-2.631718516349792480e-01
-1.300114989280700684e-01
-4.739954173564910889e-01
5.738055109977722168e-01
9.407521039247512817e-02
-2.044748663902282715e-01
8.071999251842498779e-02
4.180697724223136902e-02
8.685682713985443115e-02
1.646671146154403687e-01
4.072282612323760986e-01
5.409910082817077637e-01
1.252464950084686279e-01
-5.579259991645812988e-01
-5.433142781257629395e-01
1.550406068563461304e-01
-2.383902072906494141e-01
2.758133709430694580e-01
-2.054000198841094971e-01
-2.714667096734046936e-02
-3.342310488224029541e-01
