-2.567144930362701416e-01
1.320801228284835815e-01
-1.723521649837493896e-01
-1.558993607759475708e-01
-4.979050457477569580e-01
-1.622821688652038574e-01
9.746029227972030640e-02
2.582587599754333496e-01
-1.994767189025878906e-01
3.092668652534484863e-01
1.818707734346389771e-01
-5.060775876045227051e-01
-3.753338009119033813e-02
-3.762894272804260254e-01
2.240833044052124023e-01
-9.602797031402587891e-02
-2.545802593231201172e-01
4.375482201576232910e-01
-1.106261014938354492e-01
7.327611744403839111e-02
-5.362045019865036011e-02
-6.635239720344543457e-01
-8.776424080133438110e-02
-1.087532714009284973e-01
-5.576469302177429199e-01
-2.550258859992027283e-02
6.222119331359863281e-01
-8.937963098287582397e-02
-2.835549414157867432e-01
1.924558132886886597e-01
1.204528380185365677e-02
2.674836516380310059e-01
-1.034122109413146973e-01
-1.219144314527511597e-01
4.371931403875350952e-02
4.425736665725708008e-01
4.312773421406745911e-02
3.993181884288787842e-01
1.839502900838851929e-01
-2.193254679441452026e-01
-2.750574238598346710e-02
1.923601776361465454e-01
-5.739258229732513428e-02
2.764947712421417236e-01
4.970526397228240967e-01
4.990080893039703369e-01
-1.914882846176624298e-02
-2.437357902526855469e-01
4.283065497875213623e-01
-1.363768428564071655e-01
3.885424137115478516e-01
-2.407465502619743347e-02
-7.858110964298248291e-02
7.110041379928588867e-02
4.551983177661895752e-01
1.175959631800651550e-01
-7.966991513967514038e-02
-1.262149065732955933e-01
-3.200697898864746094e-02
5.807173997163772583e-02
5.250919237732887268e-02
1.370629370212554932e-01
6.339149922132492065e-02
-1.233331561088562012e-01
3.812019526958465576e-02
-1.893386393785476685e-01
1.721729189157485962e-01
1.614080816507339478e-01
3.790048658847808838e-01
-3.393808752298355103e-02
1.130231171846389771e-01
-2.279461547732353210e-02
-4.781664907932281494e-01
-5.020321607589721680e-01
1.258650422096252441e-02
-1.144986227154731750e-01
3.510578274726867676e-01
1.988286674022674561e-01
-1.699889302253723145e-01
6.424965858459472656e-01
-2.637321129441261292e-02
-4.674384370446205139e-02
-3.540469706058502197e-01
2.940258681774139404e-01
1.249649226665496826e-01
-3.992373645305633545e-01
3.789561390876770020e-01
-3.761160671710968018e-01
-1.231486201286315918e-01
2.008515447378158569e-01
-3.013116717338562012e-01
2.989158928394317627e-01
-1.297034472227096558e-01
2.358075976371765137e-01
5.677704215049743652e-01
-5.526411812752485275e-03
-2.178321629762649536e-01
-3.765529096126556396e-01
1.706539541482925415e-01
-5.213991403579711914e-01
-5.110017061233520508e-01
3.959777057170867920e-01
-1.396468281745910645e-01
-1.720677912235260010e-01
1.828504353761672974e-01
-2.045985162258148193e-01
-2.981176674365997314e-01
2.897423133254051208e-02
2.299304120242595673e-02
1.310802400112152100e-01
2.388634830713272095e-01
-4.447159171104431152e-01
-2.789395451545715332e-01
8.482001721858978271e-02
-1.575922966003417969e-01
6.023112535476684570e-01
5.558018386363983154e-02
1.458469927310943604e-01
3.383758068084716797e-01
-2.291318476200103760e-01
2.430083602666854858e-02
-2.964233458042144775e-01
-9.171645343303680420e-02
2.677424848079681396e-01
-4.983127862215042114e-02
-3.927934765815734863e-01
-2.367074042558670044e-01
-5.531605482101440430e-01
