-1.878219991922378540e-01
1.516650021076202393e-01
6.140334010124206543e-01
-3.134019076824188232e-01
-2.192729339003562927e-02
9.045565873384475708e-02
4.097877442836761475e-02
1.627986729145050049e-01
-6.897392868995666504e-02
3.843377903103828430e-02
5.995966866612434387e-02
-6.206678748130798340e-01
-4.636175334453582764e-01
-1.834254339337348938e-02
2.676303982734680176e-01
1.562275737524032593e-02
1.009086668491363525e-01
5.219997167587280273e-01
5.007137730717658997e-02
-4.866597950458526611e-01
-6.474378705024719238e-02
1.833065003156661987e-01
3.359200358390808105e-01
1.863442808389663696e-01
-1.350343227386474609e-01
-7.959356158971786499e-02
4.491294920444488525e-02
-4.307622089982032776e-02
1.804809831082820892e-02
-7.314719259738922119e-03
-3.656994998455047607e-01
-3.681851625442504883e-01
1.232250779867172241e-01
2.921707332134246826e-01
5.472403392195701599e-02
-4.834238290786743164e-01
2.306286245584487915e-01
5.787250399589538574e-01
4.820876121520996094e-01
-3.051508069038391113e-01
1.078083515167236328e-01
3.481994867324829102e-01
-2.888915836811065674e-01
3.487213328480720520e-02
4.316057637333869934e-02
6.793693453073501587e-02
2.358151227235794067e-01
-3.569432199001312256e-01
1.178339272737503052e-01
2.169771119952201843e-02
9.419789910316467285e-02
-4.336724802851676941e-02
6.504435539245605469e-01
-3.461817800998687744e-01
4.915540516376495361e-01
3.185124993324279785e-01
1.970636844635009766e-01
7.798959314823150635e-02
-1.172164902091026306e-01
-8.538360893726348877e-02
6.227735430002212524e-02
2.897351682186126709e-01
2.404874414205551147e-01
-4.179872572422027588e-03
2.149289846420288086e-01
1.202547997236251831e-01
-5.044994130730628967e-02
3.569132089614868164e-01
-5.061313137412071228e-02
-1.723705381155014038e-01
-5.457147583365440369e-02
-2.056039571762084961e-01
-5.065738558769226074e-01
-1.613613814115524292e-01
-4.845872521400451660e-01
-1.990143805742263794e-01
-2.329391092061996460e-01
4.451478123664855957e-01
-1.050985306501388550e-01
7.627406716346740723e-01
1.202852353453636169e-01
-2.821292281150817871e-01
3.489013016223907471e-01
4.502590596675872803e-01
4.867495894432067871e-01
7.342515978962182999e-03
9.576429128646850586e-01
3.287443891167640686e-02
9.557439386844635010e-02
6.293133497238159180e-01
-1.773156225681304932e-01
-1.834412068128585815e-01
-9.117809683084487915e-02
-4.087056815624237061e-01
3.541205525398254395e-01
-1.879295557737350464e-01
-5.983313918113708496e-01
-6.243835687637329102e-01
5.355294793844223022e-02
-2.726423144340515137e-01
-1.250150203704833984e-01
5.512587428092956543e-01
2.148469090461730957e-01
-3.450554013252258301e-01
3.896939754486083984e-01
-9.713313728570938110e-02
-2.154203951358795166e-01
-3.269256055355072021e-01
6.126405671238899231e-02
1.408314853906631470e-01
3.435213565826416016e-01
-2.131794989109039307e-01
9.979924559593200684e-02
1.454757750034332275e-01
1.753317117691040039e-01
1.387414634227752686e-01
1.437956690788269043e-01
1.064757406711578369e-01
1.020777449011802673e-01
7.013258337974548340e-01
-6.305225491523742676e-01
1.067950725555419922e-01
2.481270134449005127e-01
4.682263433933258057e-01
6.457091122865676880e-02
-1.589948982000350952e-01
-1.238957941532135010e-01
-2.952823340892791748e-01
