-4.410031735897064209e-01
-1.908980458974838257e-01
-2.897794591262936592e-03
-7.885707914829254150e-02
-1.241939216852188110e-01
-4.057351648807525635e-01
5.988078564405441284e-02
2.653423249721527100e-01
2.514435052871704102e-01
-2.443496435880661011e-01
-5.634328350424766541e-02
-4.332477450370788574e-01
-4.503668844699859619e-02
4.569214209914207458e-02
-1.859719753265380859e-01
-6.113080978393554688e-01
-1.155658662319183350e-01
-5.118867754936218262e-01
6.684041023254394531e-02
7.425685226917266846e-02
4.738740324974060059e-01
1.893026679754257202e-01
-2.879625558853149414e-01
-4.270029962062835693e-01
-2.872721850872039795e-01
7.481721043586730957e-02
3.386051952838897705e-02
9.293104708194732666e-02
2.212897241115570068e-01
-2.230107486248016357e-01
-2.893560826778411865e-01
-5.495118498802185059e-01
8.787092566490173340e-02
4.109947383403778076e-01
-6.875411272048950195e-01
-5.479216575622558594e-02
8.210685104131698608e-02
5.771076083183288574e-01
4.048513472080230713e-01
-1.732897013425827026e-01
-1.044651307165622711e-02
1.280422955751419067e-01
2.906500399112701416e-01
4.686276018619537354e-01
4.010584056377410889e-01
2.932622730731964111e-01
-1.944711357355117798e-01
-7.832892239093780518e-03
2.093113511800765991e-01
-2.232164889574050903e-01
3.675715327262878418e-01
-7.153511047363281250e-02
5.671552419662475586e-01
1.848605722188949585e-01
7.760958671569824219e-01
5.266714692115783691e-01
1.109262555837631226e-01
-1.627810895442962646e-01
-5.277968645095825195e-01
1.339204236865043640e-02
1.794658154249191284e-01
-2.604932524263858795e-03
-5.289611220359802246e-02
-1.407508403062820435e-01
8.794209361076354980e-02
2.554605901241302490e-01
1.602943390607833862e-01
1.470511704683303833e-01
5.951449871063232422e-01
-5.595400333404541016e-01
3.786356449127197266e-01
3.767232596874237061e-02
-4.968561828136444092e-01
2.620437443256378174e-01
-2.978211045265197754e-01
-4.938221871852874756e-01
8.711318485438823700e-03
4.913601279258728027e-02
-6.897958368062973022e-02
4.325098097324371338e-01
1.354509443044662476e-01
-3.761408925056457520e-01
6.078547835350036621e-01
6.231089234352111816e-01
2.325808256864547729e-01
4.149010479450225830e-01
5.741446614265441895e-01
-1.857109218835830688e-01
4.985646307468414307e-01
2.369268685579299927e-01
8.463013172149658203e-02
-2.225648462772369385e-01
-1.558276712894439697e-01
3.885887563228607178e-01
3.028672039508819580e-01
-3.008668422698974609e-01
-6.284136176109313965e-01
-3.105289340019226074e-01
-6.209713816642761230e-01
-4.473895728588104248e-01
-6.477954983711242676e-01
8.592231571674346924e-02
-1.415902525186538696e-01
1.900068297982215881e-02
-1.890741139650344849e-01
2.176773920655250549e-02
-2.008184976875782013e-02
-6.142804026603698730e-01
8.343024179339408875e-03
-8.100484013557434082e-01
1.908005028963088989e-01
3.642672002315521240e-01
6.693141460418701172e-01
6.805562376976013184e-01
1.959023624658584595e-01
-4.131394326686859131e-01
-9.431622177362442017e-02
2.099666893482208252e-01
6.837209463119506836e-01
4.280063211917877197e-01
-4.232047498226165771e-01
1.432411819696426392e-01
3.019592761993408203e-01
-5.910370126366615295e-02
-2.312285900115966797e-01
-2.531570792198181152e-01
-5.787144303321838379e-01
-6.016766652464866638e-02
