9.515991806983947754e-02
8.970110863447189331e-02
1.052484959363937378e-01
6.408744025975465775e-03
4.316555857658386230e-01
-4.717875719070434570e-01
-2.620483934879302979e-01
4.689775779843330383e-02
-3.104361891746520996e-01
2.710513174533843994e-01
3.420141637325286865e-01
-6.892149448394775391e-01
3.106486797332763672e-01
-4.491554796695709229e-01
1.265022605657577515e-01
-1.383536458015441895e-01
-2.846379280090332031e-01
5.328420996665954590e-01
-1.943679004907608032e-01
-3.618520498275756836e-02
2.786403298377990723e-01
1.246313080191612244e-01
4.501359909772872925e-02
-6.744506955146789551e-01
6.967575103044509888e-02
-2.574517130851745605e-01
-1.552638560533523560e-01
2.047020345926284790e-01
-3.957665860652923584e-01
1.836158707737922668e-02
-5.147442817687988281e-01
-5.157122611999511719e-01
-5.423482134938240051e-02
-8.003359287977218628e-02
-1.528598368167877197e-01
-6.849776953458786011e-02
5.650102719664573669e-02
-2.864725142717361450e-02
3.389014601707458496e-01
-3.533540070056915283e-01
-8.411823213100433350e-02
5.977755784988403320e-01
-2.403468787670135498e-01
2.485051900148391724e-01
4.450925290584564209e-01
3.819245398044586182e-01
5.432040691375732422e-01
-2.725265026092529297e-01
-3.790440037846565247e-02
-5.998591333627700806e-02
-4.599429666996002197e-01
3.808132559061050415e-02
4.716166257858276367e-01
2.622574567794799805e-01
5.741913318634033203e-01
6.208214759826660156e-01
1.004868268966674805e+00
2.183049172163009644e-01
3.291997015476226807e-01
-2.744796872138977051e-01
1.306488066911697388e-01
2.482549250125885010e-01
-7.251078635454177856e-02
7.691857963800430298e-02
1.565724015235900879e-01
-5.320783704519271851e-02
-7.666209340095520020e-02
-2.881893217563629150e-01
6.878712177276611328e-01
-3.862759768962860107e-01
-2.664804458618164062e-01
-1.984657645225524902e-01
-8.227536082267761230e-01
-1.801799796521663666e-02
6.946258246898651123e-02
-4.989430904388427734e-01
1.066882386803627014e-01
-1.394095718860626221e-01
-2.880448102951049805e-01
1.334536522626876831e-01
1.233695596456527710e-01
1.809090226888656616e-01
3.087198734283447266e-02
5.446765422821044922e-01
1.540486663579940796e-01
7.556591182947158813e-03
2.466227859258651733e-01
-7.898724079132080078e-01
-2.116174101829528809e-01
1.535664647817611694e-01
-3.279139399528503418e-01
-1.195730045437812805e-01
-9.258503466844558716e-02
9.260132163763046265e-02
1.557267308235168457e-01
-3.119976222515106201e-01
5.674464162439107895e-03
-3.433592617511749268e-02
2.005298882722854614e-01
-1.421450823545455933e-01
-4.662843644618988037e-01
4.938013255596160889e-01
4.662168025970458984e-01
-8.605176210403442383e-02
-1.489539444446563721e-01
-2.991622686386108398e-01
-7.059332132339477539e-01
-6.980169415473937988e-01
4.533084928989410400e-01
-1.686427444219589233e-01
7.499868869781494141e-01
-5.672892332077026367e-01
2.288019210100173950e-01
2.212440073490142822e-01
5.688779987394809723e-03
2.253356724977493286e-01
-8.987335860729217529e-02
6.752789020538330078e-01
-3.812041282653808594e-01
2.650690376758575439e-01
7.107513397932052612e-02
-9.333253838121891022e-03
-2.414017915725708008e-01
-3.270033001899719238e-01
2.452013492584228516e-01
-2.591511011123657227e-01
7.707151025533676147e-02
-2.618739604949951172e-01
