-1.578156352043151855e-01
1.917309015989303589e-01
-1.573344171047210693e-01
-6.582949161529541016e-01
-5.307180285453796387e-01
-9.171806275844573975e-02
8.344680070877075195e-02
6.749705076217651367e-01
6.965291500091552734e-02
-6.773300468921661377e-02
3.388180136680603027e-01
-8.988018035888671875e-01
-3.137873709201812744e-01
-5.519800186157226562e-01
7.454981803894042969e-01
1.732663810253143311e-01
-3.028258681297302246e-01
9.475521445274353027e-01
4.270447418093681335e-02
-3.022428154945373535e-01
2.828698456287384033e-01
-1.998487114906311035e-01
5.961756110191345215e-01
-2.482483629137277603e-03
1.723833680152893066e-01
-1.795706301927566528e-01
1.532163321971893311e-01
-6.701845675706863403e-02
-5.252225399017333984e-01
-3.326053619384765625e-01
-3.058859705924987793e-01
-5.658753798343241215e-04
-3.502121269702911377e-01
-2.535570561885833740e-01
-1.521400809288024902e-01
2.365884184837341309e-01
-2.424418479204177856e-01
-5.328217521309852600e-02
2.501708865165710449e-01
-5.099582076072692871e-01
-3.165649175643920898e-01
3.995303213596343994e-01
-4.223036766052246094e-01
-3.218668699264526367e-01
4.389103055000305176e-01
4.066306948661804199e-01
1.758043766021728516e-01
-4.810250699520111084e-01
2.738265395164489746e-01
-9.815780445933341980e-03
2.425021082162857056e-01
7.065106928348541260e-02
2.558631598949432373e-01
2.798216938972473145e-01
7.171546816825866699e-01
5.900884866714477539e-01
-2.991466782987117767e-02
4.808441735804080963e-03
1.997089982032775879e-01
-1.237468793988227844e-01
-9.264952689409255981e-02
4.170280694961547852e-02
1.722943782806396484e-01
1.863067299127578735e-01
1.671068221330642700e-01
-4.295765608549118042e-02
-2.291345298290252686e-01
8.069657720625400543e-03
4.319700598716735840e-01
-8.925075083971023560e-02
4.641848057508468628e-02
2.791958153247833252e-01
-5.704721212387084961e-01
1.809960305690765381e-01
-2.405033707618713379e-01
-3.698844015598297119e-01
7.091011852025985718e-02
-3.632395295426249504e-03
1.334822028875350952e-01
2.229901999235153198e-01
-4.011475443840026855e-01
-2.130187302827835083e-02
-4.909720420837402344e-01
4.192715883255004883e-01
3.945913016796112061e-01
-2.530168890953063965e-01
5.126929879188537598e-01
-5.738765001296997070e-01
-3.523287177085876465e-01
4.464705586433410645e-01
-2.028679698705673218e-01
1.441919803619384766e-01
1.233039498329162598e-01
1.528810560703277588e-01
8.036169409751892090e-01
-2.294259518384933472e-01
-7.646895051002502441e-01
-3.173458203673362732e-02
-1.866519004106521606e-01
-1.889471262693405151e-01
-1.879775375127792358e-01
2.172633707523345947e-01
-1.490607261657714844e-01
-6.600889563560485840e-02
7.905616164207458496e-01
-1.028082985430955887e-02
-4.623940885066986084e-01
9.450713545083999634e-02
3.849418163299560547e-01
-7.727488875389099121e-02
1.140030845999717712e-01
-4.727798104286193848e-01
1.737018525600433350e-01
3.106478415429592133e-02
1.147677823901176453e-01
4.528074860572814941e-01
3.617534041404724121e-01
4.951698482036590576e-01
1.828290671110153198e-01
-2.986190319061279297e-01
-3.234249651432037354e-01
-4.060523808002471924e-01
1.163525739684700966e-03
-1.096372306346893311e-01
1.500260680913925171e-01
-9.346283674240112305e-01
-2.790604829788208008e-01
-7.893596887588500977e-01
