2.958077788352966309e-01
-2.319288067519664764e-02
3.894605934619903564e-01
-8.016038686037063599e-02
-5.486652851104736328e-01
-6.726241856813430786e-02
1.796355098485946655e-01
4.853605851531028748e-02
1.859099790453910828e-02
-1.636744290590286255e-01
3.445989489555358887e-01
-1.033615022897720337e-01
-1.746509820222854614e-01
-2.312806993722915649e-01
1.464237123727798462e-01
5.728319752961397171e-03
-9.926092624664306641e-02
1.524309068918228149e-01
1.894416809082031250e-01
2.617670893669128418e-01
1.757371723651885986e-01
2.429597079753875732e-02
1.590368151664733887e-01
2.612177282571792603e-02
-3.147917687892913818e-01
2.402444630861282349e-01
2.532118856906890869e-01
-2.156921923160552979e-01
-2.025598585605621338e-01
4.282953590154647827e-02
-2.760244309902191162e-01
-5.380544066429138184e-01
-1.015157997608184814e-01
1.949499174952507019e-02
-4.332897663116455078e-01
-2.242368459701538086e-01
-2.705669105052947998e-01
3.573696017265319824e-01
1.546756178140640259e-01
-6.255065202713012695e-01
-2.048674076795578003e-01
4.052016139030456543e-01
-2.965121567249298096e-01
-4.528514295816421509e-02
2.599300146102905273e-01
1.893656551837921143e-01
2.277522981166839600e-01
1.730553209781646729e-01
-2.551212348043918610e-02
-9.713385999202728271e-02
-5.764890462160110474e-02
-8.406739681959152222e-02
5.144910812377929688e-01
1.343946903944015503e-02
4.653194844722747803e-01
5.349994897842407227e-01
6.799049675464630127e-02
5.169507861137390137e-01
1.622665226459503174e-01
-4.734755754470825195e-01
1.702396720647811890e-01
1.089212521910667419e-01
3.332639634609222412e-01
-7.131099700927734375e-02
8.493184298276901245e-02
-1.104621738195419312e-01
1.370337754487991333e-01
2.030413448810577393e-01
1.444776058197021484e-01
-5.248786136507987976e-02
6.088209897279739380e-02
-5.854614078998565674e-02
-4.693670272827148438e-01
1.672693490982055664e-01
-7.151421159505844116e-02
-1.909276098012924194e-01
-3.869077563285827637e-02
3.266708552837371826e-02
-1.064343303442001343e-01
3.887425065040588379e-01
3.163495957851409912e-01
1.449818164110183716e-01
1.318910066038370132e-02
3.122332990169525146e-01
1.570752561092376709e-01
8.297403901815414429e-02
4.037805199623107910e-01
-3.608589172363281250e-01
1.788147091865539551e-01
8.659204095602035522e-02
-3.840250372886657715e-01
-3.360773324966430664e-01
-3.607904314994812012e-01
-1.330342590808868408e-01
1.577018648386001587e-01
-1.428666263818740845e-01
-3.873154819011688232e-01
-5.944921970367431641e-01
-1.823786795139312744e-01
-1.693727262318134308e-02
3.208608925342559814e-02
2.447806745767593384e-01
3.740724325180053711e-01
1.192525997757911682e-01
-2.926880493760108948e-02
-3.262323141098022461e-01
-1.777734458446502686e-01
-3.253827989101409912e-01
1.859358996152877808e-01
-6.750646233558654785e-01
3.744531869888305664e-01
3.031556904315948486e-01
1.028890237212181091e-01
2.549525201320648193e-01
1.557319909334182739e-01
2.611284255981445312e-01
1.594718694686889648e-01
4.291993007063865662e-02
6.767210364341735840e-02
1.812333464622497559e-01
-5.320940613746643066e-01
-3.765139579772949219e-01
1.672624349594116211e-01
2.824518680572509766e-01
4.668818786740303040e-02
-1.953774243593215942e-01
-4.180162549018859863e-01
-4.440022110939025879e-01
