-1.599065512418746948e-01
1.326283961534500122e-01
-5.929934605956077576e-02
-2.788530848920345306e-02
-3.818099796772003174e-01
-4.931336343288421631e-01
-1.144424527883529663e-01
4.765686392784118652e-01
8.117968589067459106e-02
-3.545575588941574097e-02
5.350751429796218872e-02
-5.709987878799438477e-01
-1.498041450977325439e-01
-3.638998568058013916e-01
6.669185161590576172e-01
-2.377626448869705200e-01
-4.135862886905670166e-01
1.508863121271133423e-01
-2.377351187169551849e-02
8.737365156412124634e-02
-1.500045359134674072e-01
-3.558595180511474609e-01
-1.811243966221809387e-02
-1.209961622953414917e-01
-5.880954861640930176e-01
-2.418288141489028931e-01
2.167292833328247070e-01
-1.160086020827293396e-01
1.498104184865951538e-01
-1.592824310064315796e-01
-2.378450781106948853e-01
6.017091870307922363e-02
-1.097651794552803040e-01
-2.681906223297119141e-01
-1.505602300167083740e-01
5.401955842971801758e-01
1.017560213804244995e-01
1.556717306375503540e-01
3.529178798198699951e-01
-1.236907541751861572e-01
-4.686174169182777405e-02
2.547898888587951660e-01
-8.716218918561935425e-02
-3.428558260202407837e-02
2.885171771049499512e-01
7.270814478397369385e-02
1.263430416584014893e-01
-2.649034857749938965e-01
9.992635995149612427e-02
-5.375822260975837708e-02
7.046062946319580078e-01
-1.485159248113632202e-01
1.404615044593811035e-01
1.281113028526306152e-01
2.755930721759796143e-01
-1.329339593648910522e-01
8.237650245428085327e-02
-2.371434867382049561e-02
3.890244988724589348e-03
-1.592548377811908722e-02
2.848523259162902832e-01
1.102288812398910522e-02
-3.635792136192321777e-01
-5.448698401451110840e-01
-1.023043226450681686e-02
9.379678219556808472e-02
2.065585106611251831e-01
1.860638111829757690e-01
2.827709913253784180e-01
-5.773030519485473633e-01
3.273482322692871094e-01
-4.056295454502105713e-01
-3.288392424583435059e-01
-2.448990792036056519e-01
2.193003445863723755e-01
6.722640246152877808e-02
3.320021331310272217e-01
1.929144859313964844e-01
-2.752063050866127014e-02
1.541481167078018188e-01
1.188688129186630249e-01
-3.600100576877593994e-01
-4.170811921358108521e-02
3.355630338191986084e-01
-8.007388561964035034e-02
1.073440983891487122e-01
3.328424096107482910e-01
-3.375633358955383301e-01
-3.280651867389678955e-01
2.411560565233230591e-01
-1.798802763223648071e-01
-6.756810471415519714e-04
-1.723174303770065308e-01
1.274422854185104370e-01
4.734138846397399902e-01
-1.276001036167144775e-01
-8.761398196220397949e-01
-2.769391536712646484e-01
3.128444254398345947e-01
-1.272267103195190430e-01
-1.110048964619636536e-01
2.011409029364585876e-02
-3.722072541713714600e-01
-3.914228081703186035e-01
1.071152240037918091e-01
1.106283813714981079e-01
-2.896471619606018066e-01
-1.561718881130218506e-01
4.111103117465972900e-01
-2.065461874008178711e-01
9.373860061168670654e-02
-4.901236891746520996e-01
-2.540743052959442139e-01
2.502531707286834717e-01
-5.199872255325317383e-01
2.072428613901138306e-01
7.971785962581634521e-02
2.086065262556076050e-01
2.865031659603118896e-01
4.891822040081024170e-01
7.106868177652359009e-02
-1.543830931186676025e-01
-1.671173274517059326e-01
-1.186594069004058838e-01
-3.619593083858489990e-01
9.812326729297637939e-02
-3.557500243186950684e-01
-6.148479580879211426e-01
