4.416483268141746521e-02
-2.202119082212448120e-01
3.982743322849273682e-01
-1.765395998954772949e-01
-2.856059968471527100e-01
-2.196026593446731567e-01
-2.019663751125335693e-01
1.760871410369873047e-01
-4.265143722295761108e-02
-2.982606291770935059e-01
1.558330059051513672e-01
-3.398987650871276855e-01
-9.745689481496810913e-02
-1.818855553865432739e-01
1.673949509859085083e-01
-2.728846967220306396e-01
1.229517608880996704e-01
2.681678235530853271e-01
1.264985501766204834e-01
-2.967192849610000849e-04
-1.412026882171630859e-01
-1.059152334928512573e-01
1.266294121742248535e-01
3.322232514619827271e-03
-4.183492958545684814e-01
1.794776618480682373e-01
2.667253613471984863e-01
3.240499272942543030e-02
-7.604026049375534058e-02
5.278294160962104797e-02
-3.378788232803344727e-01
-4.094552695751190186e-01
-1.540699899196624756e-01
-6.267732381820678711e-02
-3.457484708633273840e-04
-2.174355536699295044e-01
-7.659953832626342773e-02
3.973462283611297607e-01
5.818650722503662109e-01
-2.420765906572341919e-01
1.054163649678230286e-02
2.547670602798461914e-01
-2.515324950218200684e-01
1.572098582983016968e-01
2.117013037204742432e-01
9.378597140312194824e-02
3.372209668159484863e-01
-2.278285026550292969e-01
2.566306479275226593e-02
-9.281332045793533325e-02
4.711114168167114258e-01
-1.537859886884689331e-01
2.917633950710296631e-01
2.057328820228576660e-01
4.348869323730468750e-01
4.885328412055969238e-01
1.174127459526062012e-01
1.810258626937866211e-02
4.775506630539894104e-02
4.262545332312583923e-02
-5.236391723155975342e-02
3.069917438551783562e-03
2.573440968990325928e-01
-1.714259088039398193e-01
-1.577373147010803223e-01
-2.300845682621002197e-01
5.607613362371921539e-03
2.809341624379158020e-02
2.469781637191772461e-01
-2.921285331249237061e-01
-2.131849993020296097e-03
-1.200596317648887634e-01
-4.715822339057922363e-01
-1.742908209562301636e-01
-6.339481472969055176e-02
-6.155533790588378906e-01
2.638896107673645020e-01
1.736250817775726318e-01
4.129190370440483093e-02
4.728181362152099609e-01
3.025638684630393982e-02
1.612675376236438751e-02
3.906659036874771118e-02
4.603710472583770752e-01
1.683410108089447021e-01
2.138567268848419189e-01
6.617486476898193359e-01
-7.072561234235763550e-02
2.523424923419952393e-01
5.240172147750854492e-01
-3.577977418899536133e-02
-1.443632841110229492e-01
-1.339479386806488037e-01
3.594540432095527649e-02
4.309706091880798340e-01
-3.504223823547363281e-01
-2.329243570566177368e-01
-3.010057806968688965e-01
6.647752597928047180e-03
-1.537017971277236938e-01
-2.141891978681087494e-02
4.723790287971496582e-02
5.796374082565307617e-01
-4.170501530170440674e-01
-1.510902494192123413e-01
-7.872959226369857788e-02
-2.597602903842926025e-01
-1.330006122589111328e-01
1.848828978836536407e-02
-5.856342911720275879e-01
9.888911247253417969e-02
-6.857104599475860596e-02
3.461789786815643311e-01
1.572727710008621216e-01
-2.612653933465480804e-02
-4.953805729746818542e-02
1.523482054471969604e-01
1.102242469787597656e-01
2.037836611270904541e-01
1.533338893204927444e-02
-3.589120209217071533e-01
-3.050380051136016846e-01
2.518820762634277344e-01
-7.755112648010253906e-02
-8.051688969135284424e-02
-3.055033385753631592e-01
-1.867769062519073486e-01
-1.079524084925651550e-01
