-1.171735674142837524e-01
8.294557034969329834e-02
-4.754006564617156982e-01
-9.373050928115844727e-01
-3.035835027694702148e-01
-4.162422120571136475e-01
-6.495039463043212891e-01
8.291607350111007690e-02
-6.873750686645507812e-01
-9.349890053272247314e-02
-5.048035383224487305e-01
1.457931846380233765e-02
-5.103458166122436523e-01
-5.833850502967834473e-01
1.042625457048416138e-01
1.613458991050720215e-01
-7.784694433212280273e-01
1.427412331104278564e-01
-2.144807428121566772e-01
7.425765395164489746e-01
1.263658553361892700e-01
-4.180935323238372803e-01
-5.143105387687683105e-01
-8.771705627441406250e-02
-4.113902524113655090e-02
9.018399715423583984e-01
-5.937433242797851562e-02
-1.832910031080245972e-01
4.833915531635284424e-01
-3.193615078926086426e-01
-1.091154336929321289e+00
-1.056432247161865234e+00
-6.452577710151672363e-01
-6.154165267944335938e-01
-2.014250606298446655e-01
8.508460223674774170e-02
-2.790360748767852783e-01
2.250432968139648438e-02
2.144681066274642944e-01
4.108444601297378540e-02
-9.076542854309082031e-01
-1.740154474973678589e-01
-8.426414728164672852e-01
-3.205456957221031189e-02
-4.667111039161682129e-01
4.050284922122955322e-01
1.332876682281494141e-01
3.101905882358551025e-01
1.758570596575737000e-02
3.693385422229766846e-01
-5.270338058471679688e-01
-4.197538793087005615e-01
1.573280394077301025e-01
-2.965854108333587646e-02
-1.989915668964385986e-01
5.661941170692443848e-01
-4.622921720147132874e-02
-1.068896614015102386e-03
5.871798992156982422e-01
2.563420534133911133e-01
2.684883177280426025e-01
4.298883676528930664e-02
4.506922066211700439e-01
5.297383666038513184e-01
1.724331676959991455e-01
2.307832688093185425e-01
5.871601700782775879e-01
7.924107909202575684e-01
3.033003211021423340e-01
1.131206192076206207e-02
-1.095668911933898926e+00
-5.969916582107543945e-01
-3.778339624404907227e-01
1.391176730394363403e-01
-2.870431244373321533e-01
-5.526884794235229492e-01
4.619484394788742065e-02
-1.059416830539703369e-01
-7.922241091728210449e-01
3.445774316787719727e-01
-1.437375098466873169e-01
-4.688843339681625366e-02
-2.320577800273895264e-01
3.363559246063232422e-01
4.422665014863014221e-02
-3.532492220401763916e-01
3.126142323017120361e-01
1.636254191398620605e-01
3.994136452674865723e-01
7.862236499786376953e-01
-3.974189162254333496e-01
-8.931501507759094238e-01
2.812431156635284424e-01
1.262282282114028931e-01
-1.917460709810256958e-01
-3.222203850746154785e-01
-2.448856532573699951e-01
-7.257431745529174805e-01
1.147864535450935364e-01
-6.539397686719894409e-02
-9.307892322540283203e-01
2.048129588365554810e-01
3.086107671260833740e-01
2.582574486732482910e-01
4.760571718215942383e-01
1.193592920899391174e-01
-5.037045478820800781e-01
-6.669391989707946777e-01
6.096910834312438965e-01
9.878261387348175049e-02
-4.153008460998535156e-01
-3.187175393104553223e-01
2.729797661304473877e-01
3.329700529575347900e-01
-4.917460381984710693e-01
1.003337144851684570e+00
-9.530252218246459961e-02
-1.220950111746788025e-01
1.675249189138412476e-01
4.315610229969024658e-01
-8.589507341384887695e-01
7.568687200546264648e-02
-6.871477365493774414e-01
-7.174854725599288940e-02
-3.623580634593963623e-01
-8.327751755714416504e-01
-2.322040945291519165e-01
-4.250402450561523438e-01
