2.992960214614868164e-01
4.447324201464653015e-02
2.025890499353408813e-01
-1.863519996404647827e-01
-1.516863703727722168e-01
-9.320001304149627686e-02
2.874270379543304443e-01
8.563542366027832031e-02
-2.945836484432220459e-01
-1.091328337788581848e-01
2.147139459848403931e-01
-1.947141885757446289e-01
-1.064562574028968811e-01
-4.574443697929382324e-01
4.112872183322906494e-01
-3.531593978404998779e-01
-1.044733524322509766e-01
4.025473296642303467e-01
1.969535648822784424e-01
-3.136836737394332886e-02
-1.348101943731307983e-01
2.111425697803497314e-01
4.085308909416198730e-01
4.505524039268493652e-01
-4.182874858379364014e-01
8.649443835020065308e-02
1.393401622772216797e-01
1.205902546644210815e-01
1.418054290115833282e-02
-4.655307903885841370e-02
-3.608870208263397217e-01
2.705376036465167999e-02
-1.548441052436828613e-01
-1.141164153814315796e-01
-5.689193680882453918e-02
-3.801420331001281738e-01
1.355832219123840332e-01
4.556145966053009033e-01
-1.003902405500411987e-01
-2.228843718767166138e-01
3.731418550014495850e-01
2.800329327583312988e-01
-4.794820249080657959e-01
-6.033528596162796021e-02
5.335765480995178223e-01
4.023579061031341553e-01
-2.786338627338409424e-01
-3.914636373519897461e-01
4.740476608276367188e-01
-1.301447898149490356e-01
1.785967350006103516e-01
3.466907516121864319e-02
4.253436625003814697e-01
-9.182864427566528320e-02
1.051314249634742737e-01
3.258706927299499512e-01
6.518372148275375366e-02
-1.787770986557006836e-01
1.952658593654632568e-01
-2.645744681358337402e-01
1.473997235298156738e-01
-2.714822813868522644e-02
5.553694814443588257e-02
1.156162023544311523e-01
-1.648678183555603027e-01
7.670245319604873657e-02
-7.250847667455673218e-02
2.378591448068618774e-01
1.924657225608825684e-01
-4.655772447586059570e-01
5.108194425702095032e-02
-3.521750867366790771e-01
-4.164637029170989990e-01
-2.854511141777038574e-01
-2.576485574245452881e-01
-2.173504084348678589e-01
1.066243350505828857e-01
-2.618158422410488129e-02
1.525785177946090698e-01
4.132624864578247070e-01
-1.576956361532211304e-02
-2.094337791204452515e-01
6.330136656761169434e-01
3.678247928619384766e-01
1.090444400906562805e-01
1.015206128358840942e-01
6.019212007522583008e-01
-5.482618808746337891e-01
4.169183671474456787e-01
4.460591375827789307e-01
-3.055273294448852539e-01
-1.695152521133422852e-01
-3.782482817769050598e-02
-3.087229132652282715e-01
5.382643938064575195e-01
-4.178007543087005615e-01
-5.210005640983581543e-01
-2.854907810688018799e-01
5.339581966400146484e-01
-1.378343254327774048e-01
-2.095314115285873413e-01
2.349587529897689819e-01
6.339776515960693359e-01
-7.325072586536407471e-02
-2.760625481605529785e-01
3.166485130786895752e-01
-3.437848985195159912e-01
-1.447053253650665283e-01
1.482902020215988159e-01
-4.568915963172912598e-01
1.827853322029113770e-01
-6.838206946849822998e-02
-1.477855443954467773e-01
1.536905616521835327e-01
-4.231186509132385254e-01
9.116346016526222229e-03
1.786992996931076050e-01
1.184410229325294495e-01
2.834223508834838867e-01
3.954325616359710693e-02
-1.854064911603927612e-01
-4.272705614566802979e-01
5.718355625867843628e-02
-5.156325176358222961e-02
-2.990963682532310486e-02
-9.641253948211669922e-02
-1.766216754913330078e-01
-4.183201491832733154e-01
