-6.110203638672828674e-02
-1.736919283866882324e-01
1.733643263578414917e-01
-2.791775166988372803e-01
-2.231337726116180420e-01
-1.040315255522727966e-01
-1.575267612934112549e-01
2.745385468006134033e-01
-3.445230051875114441e-02
-1.086615473031997681e-01
9.449779242277145386e-02
-1.995021551847457886e-01
-3.647356927394866943e-01
-9.049002826213836670e-02
3.832257390022277832e-01
-6.051747202873229980e-01
-2.203097492456436157e-01
6.602959036827087402e-01
3.493830263614654541e-01
2.282233685255050659e-01
1.028145551681518555e-01
-3.269802331924438477e-01
-3.232170939445495605e-01
-1.136919334530830383e-01
-6.225333809852600098e-01
3.045991621911525726e-02
5.074782669544219971e-02
-5.688363909721374512e-01
-4.175024926662445068e-01
9.644745290279388428e-02
-1.756466329097747803e-01
3.868995010852813721e-01
2.080397903919219971e-01
2.049030810594558716e-01
-1.658602356910705566e-01
3.496885672211647034e-02
8.880256861448287964e-02
6.505494117736816406e-01
1.099204123020172119e-01
-1.638476401567459106e-01
-3.455139398574829102e-01
3.331621885299682617e-01
-2.277134507894515991e-01
2.807565629482269287e-01
9.321101009845733643e-02
1.515516340732574463e-01
5.790613889694213867e-01
-1.011226400732994080e-01
3.806297481060028076e-01
-4.171737134456634521e-01
1.359050124883651733e-01
4.677651226520538330e-01
1.356201469898223877e-01
7.859341055154800415e-02
9.272320568561553955e-02
2.568799853324890137e-01
4.317782521247863770e-01
-1.755636334419250488e-01
-1.805162578821182251e-01
-8.303967863321304321e-02
-9.789785370230674744e-03
2.362674325704574585e-01
1.157648712396621704e-01
-3.246102333068847656e-01
-2.755203545093536377e-01
1.533526927232742310e-01
-1.557767093181610107e-01
2.531055808067321777e-01
2.916921377182006836e-01
8.131109923124313354e-02
2.583391070365905762e-01
-4.422035515308380127e-01
-1.857397258281707764e-01
-1.721516996622085571e-01
7.597197294235229492e-01
-3.543652892112731934e-01
1.022396087646484375e-01
-1.336594074964523315e-01
-2.707608342170715332e-01
4.367201328277587891e-01
2.853768169879913330e-01
-5.180901661515235901e-02
4.323470294475555420e-01
8.470480442047119141e-01
-3.483016416430473328e-02
-4.097265899181365967e-01
3.524504899978637695e-01
-7.359398603439331055e-01
-1.669457703828811646e-01
-2.144078016281127930e-01
-7.135254144668579102e-01
-1.333495825529098511e-01
-1.546372175216674805e-01
-6.137087941169738770e-01
7.245869636535644531e-01
4.070267453789710999e-02
-5.964706540107727051e-01
-8.192378878593444824e-01
4.362537860870361328e-01
1.473275572061538696e-02
-3.869616091251373291e-01
2.171297222375869751e-01
2.819192111492156982e-01
-1.914762109518051147e-01
-7.847317308187484741e-02
-6.872084736824035645e-02
-4.401637315750122070e-01
7.452946156263351440e-02
4.993016719818115234e-01
-1.397902965545654297e-01
3.405260443687438965e-01
-1.796227246522903442e-01
-4.762094616889953613e-01
-7.225190848112106323e-02
-4.400752186775207520e-01
3.265362083911895752e-01
-1.710219532251358032e-01
4.809623062610626221e-01
2.866502106189727783e-01
4.576346874237060547e-01
-1.443861611187458038e-02
-2.776744663715362549e-01
-7.301042973995208740e-02
-1.648319214582443237e-01
-3.240497410297393799e-01
-4.605065584182739258e-01
-1.897935122251510620e-01
-2.042576074600219727e-01
