-6.226085871458053589e-02
-3.242026865482330322e-01
2.850789725780487061e-01
-5.948213338851928711e-01
-5.155750513076782227e-01
-3.335778713226318359e-01
-2.135400176048278809e-01
1.507566273212432861e-01
4.742733761668205261e-02
-1.631879061460494995e-01
1.622774899005889893e-01
-1.705902069807052612e-01
1.065392047166824341e-01
2.584741711616516113e-01
5.268033221364021301e-02
-6.826658844947814941e-01
2.525494396686553955e-01
1.978777796030044556e-01
6.378082931041717529e-02
-1.369346380233764648e-01
1.768032014369964600e-01
-1.317288726568222046e-01
2.550110816955566406e-01
-1.082114353775978088e-01
-5.216602683067321777e-01
2.013644278049468994e-01
-6.299129128456115723e-02
2.730236351490020752e-01
5.211600065231323242e-01
-5.927296876907348633e-01
-6.138817667961120605e-01
-4.952154159545898438e-01
-4.133202135562896729e-01
1.653285622596740723e-01
-2.173363268375396729e-01
1.087702140212059021e-01
1.656161248683929443e-01
2.242233306169509888e-01
-2.790935523808002472e-02
-4.361039400100708008e-01
-1.793268322944641113e-01
6.627500653266906738e-01
2.118163555860519409e-01
-8.933159708976745605e-02
1.469101458787918091e-01
2.515649497509002686e-01
1.353514790534973145e-01
-9.135565906763076782e-02
5.451934337615966797e-01
-4.275318980216979980e-01
1.901452392339706421e-01
-4.645733833312988281e-01
6.460518240928649902e-01
2.099931426346302032e-02
2.357925176620483398e-01
3.520298004150390625e-01
7.037512212991714478e-02
-2.836829796433448792e-02
1.016310378909111023e-01
-1.354773193597793579e-01
5.342442542314529419e-02
-7.979889214038848877e-02
1.869878615252673626e-03
1.141144409775733948e-01
-2.953453958034515381e-01
1.343206614255905151e-01
1.239206455647945404e-02
-9.204485267400741577e-02
2.772762477397918701e-01
5.145902931690216064e-02
-9.255688637495040894e-02
2.124163210391998291e-01
-3.472466468811035156e-01
8.510085940361022949e-02
7.333219051361083984e-02
-3.396696746349334717e-01
3.583068549633026123e-01
2.204266041517257690e-01
-2.076761573553085327e-01
6.930280923843383789e-01
2.308833599090576172e-01
5.972038954496383667e-02
4.231403172016143799e-01
9.909672141075134277e-01
3.394815921783447266e-01
3.452012538909912109e-01
7.447814345359802246e-01
-5.458112359046936035e-01
-1.658935248851776123e-01
3.763270974159240723e-01
-1.474930495023727417e-01
-2.557598054409027100e-01
-7.758933305740356445e-02
1.782502979040145874e-01
6.432087421417236328e-01
-3.116202056407928467e-01
-7.038068175315856934e-01
-1.173034086823463440e-01
-8.748977780342102051e-01
-5.288555622100830078e-01
-3.823842108249664307e-01
8.048548549413681030e-02
-2.742084264755249023e-01
-2.380584031343460083e-01
-7.654807716608047485e-02
1.474799960851669312e-01
-3.609223365783691406e-01
-3.305699825286865234e-01
2.528713047504425049e-01
-3.933006823062896729e-01
1.343649625778198242e-01
-2.550721541047096252e-02
3.825181722640991211e-01
2.190614640712738037e-01
2.140045315027236938e-01
1.523499283939599991e-02
4.142263531684875488e-02
1.206552311778068542e-01
-4.331003874540328979e-02
4.299061894416809082e-01
-2.273258864879608154e-01
-1.062890291213989258e-01
3.260503411293029785e-01
1.478228601627051830e-03
-1.587669253349304199e-01
4.987803846597671509e-02
-2.829875349998474121e-01
8.625912480056285858e-03
