3.606536686420440674e-01
3.122801780700683594e-01
1.342867910861968994e-01
-9.369922876358032227e-01
6.088707596063613892e-02
6.927248835563659668e-01
-5.113993883132934570e-01
4.585633575916290283e-01
-1.532272696495056152e-01
-6.361584663391113281e-01
-3.958167433738708496e-01
-2.389556467533111572e-01
-3.944459259510040283e-01
-9.793172776699066162e-02
7.651891112327575684e-01
2.645511329174041748e-01
-2.662080526351928711e-01
4.119848608970642090e-01
-5.343310534954071045e-02
-3.809169679880142212e-02
-4.460937082767486572e-01
-2.803710103034973145e-01
-5.922208428382873535e-01
-5.260951519012451172e-01
-7.815613150596618652e-01
2.897456586360931396e-01
-7.340140640735626221e-02
8.251592516899108887e-01
3.712738752365112305e-01
6.031767129898071289e-01
-2.785696089267730713e-01
-4.506494104862213135e-01
-3.398301899433135986e-01
-1.895082294940948486e-01
3.235208392143249512e-01
-3.871319890022277832e-01
-3.997428417205810547e-01
2.317396178841590881e-02
4.603561460971832275e-01
1.916143745183944702e-01
-5.115591883659362793e-01
-1.428715735673904419e-01
-2.194506078958511353e-01
6.459321081638336182e-02
1.646896898746490479e-01
7.884191274642944336e-01
1.013008132576942444e-01
-3.417901694774627686e-01
-2.477509528398513794e-02
7.858054041862487793e-01
-1.625162810087203979e-01
5.918768793344497681e-02
2.336906641721725464e-02
3.746082261204719543e-02
-5.625127255916595459e-02
2.823270298540592194e-02
4.484555125236511230e-01
8.709672838449478149e-03
-3.586874008178710938e-01
1.159571558237075806e-01
3.698671758174896240e-01
3.901404440402984619e-01
3.754479289054870605e-01
1.734785735607147217e-01
3.160126209259033203e-01
-1.055461391806602478e-01
4.409947991371154785e-01
6.679178774356842041e-02
-1.864229440689086914e-01
-2.255794256925582886e-01
-8.383591771125793457e-01
3.283315896987915039e-01
-9.949242323637008667e-02
4.576067626476287842e-02
5.865375511348247528e-03
-2.649627625942230225e-01
-1.722611337900161743e-01
7.133251428604125977e-01
6.130082532763481140e-02
6.058599352836608887e-01
2.497701048851013184e-01
1.930391043424606323e-01
-4.971889853477478027e-01
2.686043977737426758e-01
-4.554142057895660400e-01
1.052923947572708130e-01
6.095937490463256836e-01
-4.831829071044921875e-01
3.435007333755493164e-01
8.590676188468933105e-01
1.577765196561813354e-01
-4.655139446258544922e-01
5.829830765724182129e-01
8.290720731019973755e-02
4.011303186416625977e-02
7.058710455894470215e-01
2.951645255088806152e-01
-6.199241280555725098e-01
-3.405990600585937500e-01
-5.998452901840209961e-01
-1.357099294662475586e+00
8.859873749315738678e-03
-9.656079113483428955e-02
9.613816142082214355e-01
-1.808020025491714478e-01
-7.167516946792602539e-01
-1.017266631126403809e+00
3.191506862640380859e-02
7.441360950469970703e-01
-2.503238022327423096e-01
3.890905082225799561e-01
-7.239787578582763672e-01
-2.691682577133178711e-01
3.479748368263244629e-01
-5.846090316772460938e-01
7.169409990310668945e-01
2.595169544219970703e-01
-1.609073877334594727e-01
3.949522674083709717e-01
2.159947305917739868e-01
-2.913238704204559326e-01
-4.296612143516540527e-01
6.655741930007934570e-01
1.146761998534202576e-01
-5.547458529472351074e-01
-2.495182007551193237e-01
5.307198166847229004e-01
-1.230175569653511047e-01
