1.426937431097030640e-01
-6.016365438699722290e-02
-4.689195752143859863e-01
-4.863653182983398438e-01
-4.157753884792327881e-01
-4.486659765243530273e-01
-5.607060715556144714e-02
-2.040083259344100952e-01
-5.418774485588073730e-02
-2.648704648017883301e-01
-6.218669563531875610e-02
1.130487620830535889e-01
-2.565029263496398926e-01
-7.498688250780105591e-02
3.161113560199737549e-01
-4.240137934684753418e-01
3.941108658909797668e-02
4.519440531730651855e-01
-2.071752548217773438e-01
-3.553938567638397217e-01
-2.804958820343017578e-01
2.523759007453918457e-01
9.500741213560104370e-02
1.041102558374404907e-01
-2.357801795005798340e-01
2.839829027652740479e-01
-3.853831067681312561e-02
-4.084908962249755859e-01
9.905702620744705200e-02
4.819219931960105896e-02
-3.976849615573883057e-01
1.906944960355758667e-01
-4.359069094061851501e-02
6.753371357917785645e-01
-2.144044339656829834e-01
6.802176833152770996e-01
2.724941968917846680e-01
6.241665482521057129e-01
7.860333323478698730e-01
-3.472464382648468018e-01
-4.975413084030151367e-01
3.638970851898193359e-01
-1.078256145119667053e-01
-2.469985485076904297e-01
-7.808405905961990356e-02
2.974795401096343994e-01
8.052892684936523438e-01
1.642423565499484539e-03
7.323801517486572266e-02
5.765716731548309326e-02
4.036362171173095703e-01
4.821558892726898193e-01
2.561539709568023682e-01
6.749402284622192383e-01
5.554733872413635254e-01
9.495807290077209473e-01
-1.374333165585994720e-02
4.837196171283721924e-01
-1.267891228199005127e-01
1.367913633584976196e-01
3.201883137226104736e-01
-1.134141683578491211e-01
8.058517575263977051e-01
4.615990817546844482e-02
-6.201862692832946777e-01
-1.947379261255264282e-01
1.786781996488571167e-01
9.500873833894729614e-02
6.413490176200866699e-01
-4.961647093296051025e-01
-4.411094486713409424e-01
1.744102104566991329e-03
-9.314327687025070190e-02
-1.429180651903152466e-01
-3.562723994255065918e-01
1.514732390642166138e-01
-5.948624610900878906e-01
-4.483278989791870117e-01
-2.226237654685974121e-01
1.686155200004577637e-01
4.509899616241455078e-01
1.171160265803337097e-01
1.087704375386238098e-01
2.214968651533126831e-01
-2.515562176704406738e-01
5.216795206069946289e-01
3.668792247772216797e-01
2.854110598564147949e-01
-3.748093545436859131e-02
5.351476073265075684e-01
-6.104707345366477966e-02
2.248076647520065308e-01
-4.364630877971649170e-01
1.750880628824234009e-01
5.378518104553222656e-01
-7.278286851942539215e-03
-6.778513789176940918e-01
-8.008164912462234497e-02
-2.894300222396850586e-01
-4.841071963310241699e-01
7.167398184537887573e-02
-1.481218785047531128e-01
4.191292822360992432e-01
2.074505202472209930e-02
-4.276242256164550781e-01
-3.795301914215087891e-01
-4.516023099422454834e-01
1.315530110150575638e-02
4.089102447032928467e-01
-2.677974700927734375e-01
2.606476247310638428e-01
-2.922175526618957520e-01
-4.636503756046295166e-01
6.516154408454895020e-01
-6.829129457473754883e-01
-1.646726876497268677e-01
5.154466629028320312e-01
4.848337769508361816e-01
5.486111044883728027e-01
3.364909812808036804e-02
-5.934503078460693359e-01
-2.218111008405685425e-01
3.072365522384643555e-01
4.672133922576904297e-01
-1.506876200437545776e-01
-2.309921085834503174e-01
8.187147229909896851e-02
-3.267391622066497803e-01
