8.333060890436172485e-02
2.335695326328277588e-01
3.109243214130401611e-01
-3.018666207790374756e-01
-2.585638761520385742e-01
-3.280366063117980957e-01
4.068604111671447754e-01
4.870703220367431641e-01
-2.320133596658706665e-01
-4.189088344573974609e-01
-2.217927575111389160e-01
-4.164693355560302734e-01
-3.622745275497436523e-01
-4.610746800899505615e-01
3.400432169437408447e-01
3.993862774223089218e-03
-3.386864364147186279e-01
3.761689662933349609e-01
-3.789568543434143066e-01
-1.683280915021896362e-01
-3.330351412296295166e-02
-5.891283974051475525e-03
2.997919321060180664e-01
2.189759016036987305e-01
-2.033691257238388062e-01
-1.234475672245025635e-01
9.685547649860382080e-02
-1.794417272321879864e-03
-2.682145535945892334e-01
1.004706844687461853e-01
-2.954437136650085449e-01
-6.873376965522766113e-01
5.228123068809509277e-02
-7.002128660678863525e-02
4.529979079961776733e-02
4.524188488721847534e-02
-7.207264006137847900e-02
-7.904564030468463898e-03
7.305452823638916016e-01
-3.728143572807312012e-01
-1.390674710273742676e-02
1.870447695255279541e-01
-1.420875936746597290e-01
2.657754123210906982e-01
4.178032875061035156e-01
5.180670619010925293e-01
3.722316920757293701e-01
-4.647440612316131592e-01
-2.721594870090484619e-01
1.730659157037734985e-01
3.606875836849212646e-01
5.453891754150390625e-01
4.893382191658020020e-01
-4.538743793964385986e-01
4.568651616573333740e-01
5.751152634620666504e-01
1.178135536611080170e-02
3.301977366209030151e-02
1.394786834716796875e-01
2.612476348876953125e-01
2.326568365097045898e-01
4.259141385555267334e-01
1.431867182254791260e-01
-1.781648397445678711e-01
-2.432878166437149048e-01
-9.756660461425781250e-02
5.591702088713645935e-02
1.593402773141860962e-01
1.098035126924514771e-01
-2.875659465789794922e-01
-1.443188339471817017e-01
-2.898649573326110840e-01
-4.601387083530426025e-01
-4.600744247436523438e-01
-2.650134265422821045e-01
-4.286303520202636719e-01
4.372574090957641602e-01
4.865172803401947021e-01
7.869834452867507935e-02
7.661415338516235352e-01
1.056697517633438110e-01
-2.033680528402328491e-01
1.508002281188964844e-01
-4.500543698668479919e-02
4.888496398925781250e-01
3.909498155117034912e-01
2.364556491374969482e-01
-5.522856712341308594e-01
-5.791099369525909424e-02
5.408560633659362793e-01
-3.839421570301055908e-01
-1.969589889049530029e-01
-2.607821822166442871e-01
2.155845463275909424e-01
5.428590178489685059e-01
-4.177175760269165039e-01
-4.942990243434906006e-01
-7.997684478759765625e-01
-5.388928949832916260e-02
-2.600229084491729736e-01
5.799158290028572083e-02
4.212961494922637939e-01
1.179895475506782532e-01
-2.696782946586608887e-01
3.242320194840431213e-02
4.955295324325561523e-01
-3.387805521488189697e-01
-2.760646631941199303e-03
1.832290180027484894e-02
2.778017427772283554e-03
1.442726999521255493e-01
-2.630573213100433350e-01
-1.647124588489532471e-01
3.837725222110748291e-01
1.770104616880416870e-01
1.591023802757263184e-01
6.535072326660156250e-01
2.557081282138824463e-01
6.066804379224777222e-02
-9.088493138551712036e-02
-3.733373805880546570e-02
-1.591178178787231445e-01
6.395392119884490967e-02
-1.952242404222488403e-01
-5.942983180284500122e-02
-7.740293443202972412e-02
-4.335118830204010010e-01
-8.312913030385971069e-02
