-4.513709619641304016e-02
-3.025336191058158875e-02
4.557580351829528809e-01
-6.863403320312500000e-02
-8.973460644483566284e-02
-1.917310953140258789e-01
1.919923424720764160e-01
4.533589184284210205e-01
3.657875582575798035e-02
7.231948547996580601e-04
2.984383106231689453e-01
-2.963034510612487793e-01
1.419602334499359131e-01
-3.562783002853393555e-01
2.743613719940185547e-01
1.284982860088348389e-01
-1.868461817502975464e-01
-1.794587224721908569e-01
-8.415266871452331543e-02
-2.038560211658477783e-01
-2.305451482534408569e-01
4.539318382740020752e-02
-1.985655277967453003e-01
-3.926727175712585449e-01
-4.112466573715209961e-01
1.323668509721755981e-01
1.138279512524604797e-01
2.157635241746902466e-01
2.305973768234252930e-01
2.586094737052917480e-01
-2.544103004038333893e-02
-4.082541763782501221e-01
-3.169635534286499023e-01
-1.078076735138893127e-01
-2.067611664533615112e-01
-2.188550308346748352e-02
-3.790655359625816345e-02
3.089646697044372559e-01
2.044889330863952637e-01
-1.633432358503341675e-01
-1.152520626783370972e-02
-1.342027168720960617e-02
1.718886382877826691e-02
-2.045158445835113525e-01
-1.414265483617782593e-01
1.680220216512680054e-01
4.212846159934997559e-01
-2.255603075027465820e-01
2.423426061868667603e-01
-4.512924551963806152e-01
3.847991824150085449e-01
3.929943591356277466e-02
1.939662694931030273e-01
1.526510566473007202e-01
3.403108939528465271e-02
2.122281789779663086e-01
6.428562998771667480e-01
3.133086562156677246e-01
7.780171185731887817e-02
-3.780944943428039551e-01
3.263146281242370605e-01
-6.210091710090637207e-02
4.092977941036224365e-01
-4.631411284208297729e-02
-1.689447276294231415e-02
-1.092604622244834900e-01
9.278905391693115234e-02
1.592145413160324097e-01
1.060906276106834412e-01
-4.826618432998657227e-01
2.682001143693923950e-02
1.508085280656814575e-01
-2.350977361202239990e-01
1.138276606798171997e-01
3.005823791027069092e-01
-2.729198336601257324e-01
2.671631872653961182e-01
-6.288123875856399536e-02
-1.639511734247207642e-01
2.708829343318939209e-01
5.142462253570556641e-02
-4.543249905109405518e-01
2.335861511528491974e-02
1.202456504106521606e-01
3.653717041015625000e-01
7.386288046836853027e-02
7.247896194458007812e-01
-4.098904430866241455e-01
7.010341435670852661e-02
-1.211403217166662216e-02
4.220415353775024414e-01
-4.010559022426605225e-01
1.839072853326797485e-01
1.846735626459121704e-01
9.365093708038330078e-02
-1.606255769729614258e-01
-3.275252282619476318e-01
-1.729726493358612061e-01
3.502258956432342529e-01
-4.020465910434722900e-01
6.076826527714729309e-02
8.369112759828567505e-02
6.142849922180175781e-01
2.285083383321762085e-01
2.153989821672439575e-01
-1.528198737651109695e-02
-2.781831920146942139e-01
-8.046492934226989746e-02
1.114676222205162048e-01
-6.273968815803527832e-01
2.464518100023269653e-01
-3.632524013519287109e-01
-8.420292288064956665e-02
5.545613169670104980e-01
1.471220850944519043e-01
1.000766828656196594e-01
5.091030597686767578e-01
6.973356008529663086e-02
4.458331763744354248e-01
2.225382328033447266e-01
-2.169155776500701904e-01
-2.011498957872390747e-01
1.447169333696365356e-01
-1.333337128162384033e-01
6.127892807126045227e-02
-1.156850755214691162e-01
8.959338068962097168e-02
-2.107245475053787231e-01
