-3.719684183597564697e-01
8.834304213523864746e-01
3.394070267677307129e-01
-6.839182376861572266e-01
1.300315838307142258e-02
3.926252722740173340e-01
-3.929337561130523682e-01
-2.864511311054229736e-01
-1.659882515668869019e-01
3.168604895472526550e-02
-4.141057133674621582e-01
7.483617961406707764e-02
-5.387113094329833984e-01
2.662134170532226562e-01
1.326689243316650391e+00
-4.628647863864898682e-01
-4.124255180358886719e-01
5.006247758865356445e-01
-2.728604897856712341e-02
2.297915518283843994e-01
-3.382295668125152588e-01
-2.279758006334304810e-01
3.103327006101608276e-02
-3.807499408721923828e-01
-9.833418130874633789e-01
2.242520451545715332e-01
-6.245709657669067383e-01
3.250578641891479492e-01
7.363143563270568848e-01
1.521348357200622559e-01
5.509492158889770508e-01
-2.902637124061584473e-01
4.276244435459375381e-03
5.682553648948669434e-01
-2.340734153985977173e-01
-1.608674079179763794e-01
-6.362934410572052002e-02
4.924277961254119873e-01
9.394280910491943359e-01
-3.506695926189422607e-01
1.137492880225181580e-01
4.808684065937995911e-02
-8.663006126880645752e-02
-1.940685212612152100e-01
-8.699004538357257843e-03
1.500695385038852692e-02
6.042840704321861267e-02
4.316895902156829834e-01
-2.386045306921005249e-01
1.407935917377471924e-01
1.921158730983734131e-01
-9.181811660528182983e-02
1.793973296880722046e-01
2.962585687637329102e-01
-2.238298952579498291e-01
-2.882296033203601837e-02
5.525271296501159668e-01
-7.225170731544494629e-02
-1.017280519008636475e-01
2.301978468894958496e-01
-2.799724936485290527e-01
4.437249898910522461e-01
1.601245701313018799e-01
-1.130186542868614197e-01
6.293014883995056152e-01
-3.712283372879028320e-01
2.407435327768325806e-02
-1.973533183336257935e-01
3.202963769435882568e-01
-9.356723427772521973e-01
-4.384276866912841797e-01
6.597683429718017578e-01
-3.091805875301361084e-01
-2.458386272192001343e-01
4.414882510900497437e-02
-5.857489705085754395e-01
-4.450980486581102014e-05
3.110847175121307373e-01
-2.109405249357223511e-01
3.365612626075744629e-01
2.037513405084609985e-01
-4.032765030860900879e-01
-2.264809757471084595e-01
7.310115098953247070e-01
-2.472522705793380737e-01
-7.581017613410949707e-01
5.435860753059387207e-01
-4.695307910442352295e-01
3.317066654562950134e-02
6.131917834281921387e-01
-2.185498476028442383e-01
-5.224421620368957520e-01
-1.768081784248352051e-01
5.474598407745361328e-01
3.384762704372406006e-01
-3.687882721424102783e-01
1.588979065418243408e-01
3.432567119598388672e-01
-3.053040206432342529e-01
2.805621735751628876e-02
-6.808582544326782227e-01
7.378171682357788086e-01
-8.157845586538314819e-03
4.763231575489044189e-01
-4.797417819499969482e-01
-2.786274254322052002e-01
-6.553543210029602051e-01
-4.348629713058471680e-01
1.307320594787597656e-02
-3.358424901962280273e-01
-8.503988385200500488e-02
-2.098585963249206543e-01
-3.877334296703338623e-01
2.044396847486495972e-01
-2.386013567447662354e-01
6.513949632644653320e-01
6.130943894386291504e-01
-5.204473733901977539e-01
4.934691190719604492e-01
4.513564705848693848e-01
-3.270627260208129883e-01
-2.074017226696014404e-01
1.202392816543579102e+00
-5.981473922729492188e-01
-5.339433550834655762e-01
-1.087448000907897949e-01
1.962862908840179443e-01
-2.678223550319671631e-01
