-1.009338572621345520e-01
4.917233586311340332e-01
1.054492443799972534e-01
-5.691038966178894043e-01
-8.205315470695495605e-01
-2.319509983062744141e-01
2.452347278594970703e-01
3.233906328678131104e-01
5.549696460366249084e-02
-8.864719420671463013e-02
3.021057546138763428e-01
-7.926181554794311523e-01
-3.184272348880767822e-01
-1.314788311719894409e-01
4.021269679069519043e-01
-2.103772461414337158e-01
-3.052693307399749756e-01
2.751550972461700439e-01
-2.540386021137237549e-01
-1.713962405920028687e-01
-1.261420696973800659e-01
2.539147436618804932e-01
-1.402784883975982666e-01
-5.084093809127807617e-01
-7.875306904315948486e-02
-1.852061897516250610e-01
3.001542091369628906e-01
2.781033813953399658e-01
-1.897478997707366943e-01
-1.328353583812713623e-01
-1.398706138134002686e-01
-9.405413269996643066e-02
-3.243503272533416748e-01
-9.359498322010040283e-02
-1.896594762802124023e-01
7.675113081932067871e-01
7.211486343294382095e-03
-3.930856287479400635e-01
4.749493300914764404e-01
-3.058452010154724121e-01
-1.653889119625091553e-01
4.806034266948699951e-01
-5.935342907905578613e-01
1.399845909327268600e-02
2.294251322746276855e-01
8.766033053398132324e-01
3.167295157909393311e-01
-4.316204190254211426e-01
5.824987888336181641e-01
1.544243991374969482e-01
4.473029077053070068e-01
1.273065358400344849e-01
-4.207124561071395874e-02
2.347010672092437744e-01
7.869057059288024902e-01
6.106054782867431641e-01
1.655894815921783447e-01
3.694854080677032471e-01
1.721466928720474243e-01
-1.599525064229965210e-01
-1.801401525735855103e-01
-1.204391010105609894e-02
4.107048213481903076e-01
-3.308223932981491089e-02
2.616659402847290039e-01
1.901390589773654938e-02
-1.322771161794662476e-01
4.766941070556640625e-01
5.187976956367492676e-01
-5.406599044799804688e-01
2.594910264015197754e-01
2.333350330591201782e-01
-7.968903183937072754e-01
-6.288415938615798950e-02
-2.895507514476776123e-01
7.020065188407897949e-02
5.417558550834655762e-01
6.168275699019432068e-02
1.420558616518974304e-02
3.825695812702178955e-01
1.507499665021896362e-01
-1.089181974530220032e-01
-1.219791769981384277e-01
5.399867296218872070e-01
-5.975842103362083435e-02
-3.637341558933258057e-01
7.792069911956787109e-01
-1.216231957077980042e-01
3.263568133115768433e-02
5.594078302383422852e-01
1.909836940467357635e-02
-8.820106834173202515e-02
-1.524448394775390625e-01
2.407866418361663818e-01
5.201456546783447266e-01
-3.374108970165252686e-01
-2.740097641944885254e-01
-4.817974865436553955e-01
-2.787190675735473633e-01
4.526054859161376953e-02
-3.870235383510589600e-01
1.027976199984550476e-01
7.722397148609161377e-02
1.593062840402126312e-02
6.543284058570861816e-01
-2.253272086381912231e-01
-8.276310563087463379e-02
-2.624550461769104004e-01
2.753466367721557617e-01
-4.138820767402648926e-01
3.028988838195800781e-01
-3.347525000572204590e-01
1.516805440187454224e-01
9.173669666051864624e-02
1.670888811349868774e-01
1.094333082437515259e-01
5.257612466812133789e-01
2.694395780563354492e-01
7.037254422903060913e-02
-3.449068367481231689e-01
-4.088756442070007324e-02
-6.978910565376281738e-01
4.942172765731811523e-02
1.502273883670568466e-02
-1.624704599380493164e-01
-4.803510010242462158e-01
-2.272976040840148926e-01
-4.009895622730255127e-01
