4.369433522224426270e-01
1.759626553393900394e-03
4.290813207626342773e-01
-3.836027532815933228e-02
-6.700856685638427734e-01
4.113223031163215637e-02
-2.782814502716064453e-01
2.532340586185455322e-01
1.267686486244201660e-01
2.257808893918991089e-01
7.619871497154235840e-01
-6.423286199569702148e-01
2.773221433162689209e-01
-3.530123457312583923e-02
-8.190150558948516846e-02
-3.246501982212066650e-01
-4.640074446797370911e-03
2.366043478250503540e-01
-1.809932738542556763e-01
5.377897992730140686e-02
3.054707050323486328e-01
3.944697082042694092e-01
-1.781960278749465942e-01
-2.871135175228118896e-01
-3.377741277217864990e-01
2.505041658878326416e-01
-2.284904718399047852e-01
-1.480237841606140137e-01
1.661286503076553345e-01
-2.423873394727706909e-01
-6.254909634590148926e-01
5.249560996890068054e-02
-1.126274690032005310e-01
6.994500756263732910e-02
-2.788767218589782715e-01
1.673153191804885864e-01
-1.580520570278167725e-01
2.237889766693115234e-01
4.269935190677642822e-01
5.270462483167648315e-03
6.862266361713409424e-02
3.236988186836242676e-01
-2.897367775440216064e-01
2.541171312332153320e-01
9.370209276676177979e-02
-1.290698200464248657e-01
1.700355708599090576e-01
-4.041356146335601807e-01
-3.498968854546546936e-02
-2.351853400468826294e-01
1.436484903097152710e-01
8.960530161857604980e-02
5.208166241645812988e-01
-4.870282113552093506e-01
3.515056669712066650e-01
7.895757555961608887e-01
4.210050702095031738e-01
1.282390207052230835e-01
-4.607822000980377197e-01
-1.027115387842059135e-03
3.272247686982154846e-02
7.895217090845108032e-02
1.788308285176753998e-02
1.016057580709457397e-01
5.363835394382476807e-02
-5.654447674751281738e-01
3.385298550128936768e-01
6.639549136161804199e-01
4.547902047634124756e-01
-6.566635370254516602e-01
2.981782555580139160e-01
-2.189673669636249542e-02
-8.920668363571166992e-01
-9.876522421836853027e-02
2.287671715021133423e-01
-1.560394838452339172e-02
3.557810187339782715e-01
2.611994370818138123e-02
1.092953160405158997e-01
7.228775024414062500e-01
-2.752190530300140381e-01
-3.044717907905578613e-01
6.779351234436035156e-01
3.194001615047454834e-01
2.992056310176849365e-01
-1.229744702577590942e-01
4.963563084602355957e-01
-1.927999854087829590e-01
2.527371644973754883e-01
-4.124778136610984802e-02
-1.126038879156112671e-01
1.485657989978790283e-01
-1.485378146171569824e-01
-8.329565823078155518e-02
4.575155079364776611e-01
2.286308854818344116e-01
-6.131871342658996582e-01
-5.355507507920265198e-02
1.894683986902236938e-01
-1.342696845531463623e-01
-4.876711964607238770e-01
-4.290615916252136230e-01
6.929084658622741699e-01
-3.936788737773895264e-01
6.019684299826622009e-02
-6.551915779709815979e-03
-1.305221300572156906e-02
3.594531118869781494e-02
2.494409829378128052e-01
-2.222128808498382568e-01
-2.132243514060974121e-01
-3.607478737831115723e-02
-1.357685029506683350e-02
3.007706999778747559e-01
2.206895798444747925e-01
3.511986881494522095e-02
3.013741075992584229e-01
1.157269552350044250e-01
4.002248868346214294e-03
4.002814888954162598e-01
1.074611302465200424e-02
-1.803310811519622803e-01
-2.687965631484985352e-01
-2.434971630573272705e-01
-2.429791539907455444e-01
-2.892297506332397461e-01
-2.752581536769866943e-01
-5.499504208564758301e-01
