8.562059700489044189e-02
-8.115550130605697632e-02
-1.865895837545394897e-02
-4.417683482170104980e-01
9.627959132194519043e-02
-2.911454811692237854e-02
-6.262341737747192383e-01
2.568268179893493652e-01
-1.097418665885925293e+00
1.897026151418685913e-01
-9.002953767776489258e-01
-3.298434615135192871e-01
-1.037632748484611511e-01
-9.139204621315002441e-01
1.797240674495697021e-01
1.443754911422729492e+00
-5.991966128349304199e-01
4.830640852451324463e-01
7.566018104553222656e-01
5.889279842376708984e-01
2.411546856164932251e-01
-6.426550745964050293e-01
1.863551884889602661e-02
-5.239064097404479980e-01
-9.582713842391967773e-01
4.784298837184906006e-01
-7.436016798019409180e-01
-1.056115627288818359e+00
2.866125404834747314e-01
-3.554944694042205811e-01
4.551717936992645264e-01
-9.714983105659484863e-01
-5.564480423927307129e-01
4.442037045955657959e-01
-7.132595032453536987e-02
-5.817572474479675293e-01
1.503243297338485718e-01
1.928808093070983887e-01
2.247894555330276489e-01
-4.016762375831604004e-01
-1.102669954299926758e+00
-3.386417776346206665e-02
-1.251538872718811035e+00
-7.040700912475585938e-01
-2.153986394405364990e-01
-1.920037269592285156e-01
3.149686455726623535e-01
4.090069532394409180e-01
-3.202605545520782471e-01
-1.038268115371465683e-02
4.356853663921356201e-01
-6.566764712333679199e-01
7.993471026420593262e-01
1.422341316938400269e-01
-5.622827410697937012e-01
4.317337572574615479e-01
8.647133111953735352e-01
-5.843966007232666016e-01
1.939798742532730103e-01
-1.744242906570434570e-01
-2.347609996795654297e-01
2.290311753749847412e-01
1.323245167732238770e-01
1.406963467597961426e+00
6.799563169479370117e-01
-3.947319686412811279e-01
-3.948040008544921875e-01
5.594880580902099609e-01
4.078617393970489502e-01
-2.386550605297088623e-02
5.081861615180969238e-01
-6.386936455965042114e-02
-1.359124183654785156e+00
2.869853675365447998e-01
-6.717674732208251953e-01
-3.608913421630859375e-01
-6.431489586830139160e-01
-6.580033153295516968e-02
-9.711683392524719238e-01
-4.960755705833435059e-01
4.712454974651336670e-01
-3.278990685939788818e-01
-4.258994460105895996e-01
-5.863910913467407227e-01
-2.796188592910766602e-01
3.288416862487792969e-01
1.250793814659118652e+00
-6.809803247451782227e-01
9.982253313064575195e-01
4.605276882648468018e-01
2.763361036777496338e-01
-3.425055742263793945e-01
3.723012506961822510e-01
1.099926233291625977e+00
5.567183494567871094e-01
2.562856376171112061e-01
-4.387893900275230408e-02
-1.862428151071071625e-02
1.639394313097000122e-01
-8.224016427993774414e-02
-1.008745908737182617e+00
8.592360615730285645e-01
3.740696609020233154e-01
8.604255914688110352e-01
-5.188067555427551270e-01
3.263262510299682617e-01
4.295788332819938660e-02
-1.384768486022949219e-01
7.840651869773864746e-01
1.595762610435485840e+00
1.382485330104827881e-01
-2.086581438779830933e-01
-7.912445664405822754e-01
7.540284991264343262e-01
-3.498799502849578857e-01
4.080520868301391602e-01
-4.186750054359436035e-01
1.034567207098007202e-01
-2.261048182845115662e-02
2.689737975597381592e-01
-3.002665638923645020e-01
1.602140218019485474e-01
-7.484673857688903809e-01
-3.391290605068206787e-01
-2.293952405452728271e-01
-1.214581489562988281e+00
-5.492578148841857910e-01
-4.307908415794372559e-01
