-2.972606122493743896e-01
1.640676856040954590e-01
3.841185271739959717e-01
-4.293171465396881104e-01
-2.410209178924560547e-01
-3.154412806034088135e-01
-4.527669250965118408e-01
1.485807448625564575e-01
2.289587445557117462e-02
-2.400811463594436646e-01
2.480443567037582397e-02
-3.874122351408004761e-02
-1.610740572214126587e-01
-4.010444581508636475e-01
3.478126525878906250e-01
9.264354109764099121e-01
-2.839897014200687408e-02
8.300908654928207397e-02
-4.072627127170562744e-01
5.114502310752868652e-01
-4.291357398033142090e-01
2.874244749546051025e-01
-3.601037859916687012e-01
-3.728325068950653076e-01
-5.379229187965393066e-01
-1.659833192825317383e-01
-2.581394612789154053e-01
-1.831388622522354126e-01
-4.277759492397308350e-01
-3.094357252120971680e-01
-3.539499342441558838e-01
-1.511793583631515503e-01
-5.202503204345703125e-01
9.852431714534759521e-03
-2.712422609329223633e-01
-3.991894721984863281e-01
-7.118523120880126953e-01
2.855958938598632812e-01
-3.644210398197174072e-01
-2.397431433200836182e-01
-6.446030139923095703e-01
-5.132250189781188965e-01
-5.927612185478210449e-01
-1.822498142719268799e-01
3.552922904491424561e-01
-1.091235969215631485e-02
5.697643756866455078e-01
-2.407983839511871338e-01
2.937847003340721130e-02
-6.424129009246826172e-02
-3.642792254686355591e-02
-3.612618744373321533e-01
2.198527604341506958e-01
-3.669074177742004395e-02
-2.834090590476989746e-02
5.369485020637512207e-01
3.961975574493408203e-01
3.231984376907348633e-01
4.232052862644195557e-01
-2.888099476695060730e-02
8.564887940883636475e-02
-1.643139421939849854e-01
1.782027184963226318e-01
7.195437699556350708e-02
4.956904798746109009e-02
2.032534033060073853e-01
3.734737932682037354e-01
2.496093660593032837e-01
8.149278163909912109e-02
-7.614755034446716309e-01
9.497585147619247437e-02
1.224409863352775574e-01
4.051503837108612061e-01
1.866820454597473145e-01
3.605584204196929932e-01
-1.251992583274841309e-01
-1.493538171052932739e-01
-1.807002127170562744e-01
-5.843697786331176758e-01
1.545767635107040405e-01
-4.110527038574218750e-01
-3.211937546730041504e-01
1.117689907550811768e-01
-3.807622566819190979e-02
3.809297978878021240e-01
-1.129435598850250244e-01
6.204702258110046387e-01
-4.597351700067520142e-02
1.420575976371765137e-01
-5.307676196098327637e-01
5.170355439186096191e-01
-6.789692640304565430e-01
3.083181679248809814e-01
5.405623316764831543e-01
2.594595849514007568e-01
-9.115008711814880371e-01
4.186927974224090576e-01
-1.052571088075637817e-01
1.507483124732971191e-01
-3.955600857734680176e-01
-6.745489239692687988e-01
1.167550310492515564e-01
1.131685853004455566e+00
2.220074534416198730e-01
-2.113262191414833069e-02
5.321647524833679199e-01
-1.125027060508728027e+00
-1.774002313613891602e-01
-1.199548169970512390e-01
-3.977800905704498291e-01
6.196615695953369141e-01
-5.581839084625244141e-01
-6.296034455299377441e-01
5.644907951354980469e-01
2.268695086240768433e-01
-6.003102660179138184e-01
3.791251480579376221e-01
-7.895956635475158691e-01
1.032689690589904785e+00
7.709257602691650391e-01
-6.828258037567138672e-01
7.696404308080673218e-02
-4.778796732425689697e-01
-3.927665054798126221e-01
-5.396903157234191895e-01
-2.368710190057754517e-01
-3.271656036376953125e-01
-2.979629635810852051e-01
