-3.711903095245361328e-02
-9.507315605878829956e-02
8.334225416183471680e-01
-5.216382145881652832e-01
-4.603601694107055664e-01
-3.775636553764343262e-01
-2.142350748181343079e-02
4.105232954025268555e-01
-6.314455866813659668e-01
2.032788842916488647e-02
3.181445300579071045e-01
3.514318466186523438e-01
3.009478151798248291e-01
-2.463661730289459229e-01
-2.037692368030548096e-01
-2.660639584064483643e-01
-1.235840097069740295e-02
5.816277861595153809e-01
3.358416557312011719e-01
1.425454020500183105e-01
4.134208559989929199e-01
-5.948803424835205078e-01
-1.896429359912872314e-01
-3.262750208377838135e-01
-4.696616232395172119e-01
-4.504553228616714478e-02
-2.377120405435562134e-01
-2.145264297723770142e-01
3.884044885635375977e-01
5.290981009602546692e-02
-4.392075538635253906e-01
4.474335312843322754e-01
-2.030798196792602539e-01
3.856820464134216309e-01
-3.813530877232551575e-02
3.533128798007965088e-01
2.848611772060394287e-01
6.240039467811584473e-01
1.583994552493095398e-02
-3.164072632789611816e-01
-5.127035379409790039e-01
2.652401924133300781e-01
-1.414245516061782837e-01
5.524744987487792969e-01
5.346078872680664062e-01
2.894797921180725098e-01
5.420204997062683105e-01
-3.144714236259460449e-01
5.427179113030433655e-02
6.058464571833610535e-02
3.791041374206542969e-01
4.849547445774078369e-01
6.560571789741516113e-01
-1.735029220581054688e-01
-1.676696687936782837e-01
3.915735781192779541e-01
1.581068634986877441e-01
-7.645735144615173340e-02
2.882927358150482178e-01
-1.973366439342498779e-01
-9.524247609078884125e-03
1.429043710231781006e-01
-6.772575527429580688e-02
-1.547644138336181641e-01
3.025941252708435059e-01
4.314363002777099609e-01
-2.329671680927276611e-01
-1.171924695372581482e-01
2.849633097648620605e-01
-3.672172427177429199e-01
4.405938982963562012e-01
-3.938343226909637451e-01
-3.662232756614685059e-01
-3.425257802009582520e-01
3.827584087848663330e-01
5.967669486999511719e-01
2.372431755065917969e-01
1.270214840769767761e-02
-1.086114868521690369e-01
5.434173941612243652e-01
4.075849056243896484e-01
1.077934056520462036e-01
-3.875936567783355713e-01
8.326372504234313965e-01
-4.579418599605560303e-01
3.626538813114166260e-01
3.941708803176879883e-02
-1.475402414798736572e-01
-2.232936471700668335e-01
-7.769956439733505249e-02
2.462746202945709229e-02
-4.982469975948333740e-01
-8.398302644491195679e-02
-3.502032458782196045e-01
1.044707179069519043e+00
-3.615937381982803345e-02
-4.460856914520263672e-01
-5.344293117523193359e-01
2.855500280857086182e-01
-6.168136596679687500e-01
-1.109204769134521484e+00
1.307019889354705811e-01
4.238920807838439941e-01
2.968486249446868896e-01
3.837291002273559570e-01
-3.857461810111999512e-01
-1.076057791709899902e+00
-3.140454590320587158e-01
-4.518102481961250305e-02
-3.419975638389587402e-01
-1.302727684378623962e-02
-5.715336799621582031e-01
1.217756792902946472e-01
-2.836729288101196289e-01
-2.035638540983200073e-01
9.925757050514221191e-01
-2.912954986095428467e-01
4.276659488677978516e-01
-6.959130614995956421e-02
-2.539043426513671875e-01
-6.664965301752090454e-02
-4.153645038604736328e-01
5.607243776321411133e-01
-1.298822928220033646e-03
-2.873205244541168213e-01
-6.849792599678039551e-01
-1.538146436214447021e-01
-7.496132850646972656e-01
