-6.787179969251155853e-03
4.238031208515167236e-01
2.674298882484436035e-01
1.958679258823394775e-01
1.680617779493331909e-01
-2.193151414394378662e-01
-3.478793799877166748e-02
1.572342664003372192e-01
-2.636841535568237305e-01
9.309003502130508423e-02
1.606135517358779907e-01
4.573127627372741699e-02
-1.216558180749416351e-02
-4.428687095642089844e-01
-1.108902320265769958e-01
-4.730572104454040527e-01
-9.343536198139190674e-02
1.404050141572952271e-01
-1.403495371341705322e-01
1.468397378921508789e-01
-4.321224093437194824e-01
1.822214573621749878e-01
3.423488736152648926e-01
1.493155807256698608e-01
-4.220409691333770752e-01
1.785338297486305237e-02
-5.692235380411148071e-02
6.179763674736022949e-01
-1.593947857618331909e-01
-1.128320693969726562e-01
-4.032730758190155029e-01
4.077380523085594177e-02
-1.329646110534667969e-01
1.108524352312088013e-01
3.027469385415315628e-03
-2.612060010433197021e-01
1.136804372072219849e-01
5.059539079666137695e-01
3.138801753520965576e-01
-6.183146238327026367e-01
1.159631833434104919e-01
4.777103066444396973e-01
-1.734313815832138062e-01
-5.704355612397193909e-02
3.934129774570465088e-01
-1.250230669975280762e-01
-1.054198145866394043e-01
-2.683076560497283936e-01
-1.458769738674163818e-01
-2.328320741653442383e-01
-3.668138012290000916e-02
-5.457725375890731812e-02
4.896814823150634766e-01
2.620723843574523926e-01
7.598014175891876221e-02
6.848662495613098145e-01
-2.357423901557922363e-01
1.091432869434356689e-01
-1.071293838322162628e-02
1.330801695585250854e-01
1.339634954929351807e-01
2.748470008373260498e-02
2.050966471433639526e-01
2.411975897848606110e-02
-1.361694633960723877e-01
1.152481064200401306e-01
-2.232383340597152710e-01
4.560217261314392090e-01
1.263935565948486328e-01
-4.487466216087341309e-01
7.774030417203903198e-02
-3.272925913333892822e-01
-2.115728110074996948e-01
1.497059166431427002e-01
3.252881392836570740e-02
-2.944070100784301758e-01
1.086458191275596619e-01
1.497987061738967896e-01
-3.020229190587997437e-02
6.124745607376098633e-01
-3.691945075988769531e-01
1.317480355501174927e-01
4.551850557327270508e-01
3.152076601982116699e-01
5.737695693969726562e-01
2.414906919002532959e-01
8.960041403770446777e-01
-5.143272876739501953e-01
5.004308223724365234e-01
3.620911836624145508e-01
-1.879247128963470459e-01
-2.595590613782405853e-02
-1.211344301700592041e-01
-2.998740673065185547e-01
3.125194013118743896e-01
-4.395071268081665039e-01
-6.174776554107666016e-01
-4.243127256631851196e-02
2.189294397830963135e-01
-2.688661813735961914e-01
-3.471790254116058350e-01
6.007985025644302368e-02
5.753584504127502441e-01
-2.954955995082855225e-01
-2.554887533187866211e-01
4.027788639068603516e-01
-4.702641367912292480e-01
-7.965088635683059692e-02
2.599824406206607819e-02
-6.349138617515563965e-01
2.336327582597732544e-01
-1.266728937625885010e-01
-1.675976067781448364e-02
2.648491561412811279e-01
-3.805301785469055176e-01
1.773051172494888306e-01
2.247745543718338013e-01
5.746119469404220581e-02
2.128172367811203003e-01
-1.079878136515617371e-01
-4.322811961174011230e-01
-3.026761487126350403e-02
6.568345427513122559e-01
2.282755821943283081e-01
-2.012457996606826782e-01
1.380391865968704224e-01
-9.060811996459960938e-02
-3.553239107131958008e-01
