-2.008393108844757080e-01
1.773201525211334229e-01
-2.495124191045761108e-01
2.441387623548507690e-01
-1.551888734102249146e-01
2.735610902309417725e-01
-2.638676948845386505e-02
-3.364440202713012695e-01
1.669863313436508179e-01
-3.180913627147674561e-01
1.507469266653060913e-01
-5.247082114219665527e-01
-3.807026147842407227e-01
5.731706023216247559e-01
5.072486400604248047e-01
-5.597127079963684082e-01
1.187460720539093018e-01
6.428499817848205566e-01
-2.943574786186218262e-01
1.833591014146804810e-01
-1.522274464368820190e-01
-1.632320433855056763e-01
-2.973429486155509949e-02
3.188318908214569092e-01
-2.575903236865997314e-01
-2.918075919151306152e-01
8.125845342874526978e-02
-3.881234526634216309e-01
2.495195120573043823e-01
1.775781810283660889e-01
-6.904444694519042969e-01
1.766194254159927368e-01
6.302626132965087891e-01
4.401145875453948975e-01
4.598000552505254745e-03
2.930552959442138672e-01
-6.408162415027618408e-02
1.754956841468811035e-01
1.568817347288131714e-01
-5.489044189453125000e-01
-4.768464565277099609e-01
7.053668498992919922e-01
1.836089938879013062e-01
1.223334344103932381e-03
2.039867639541625977e-01
-6.044977158308029175e-02
1.146460846066474915e-01
-6.757519394159317017e-02
3.561317026615142822e-01
-2.108634859323501587e-01
7.687107324600219727e-01
-1.865985244512557983e-02
-9.055674076080322266e-02
2.498296350240707397e-01
4.014467597007751465e-01
8.113589137792587280e-02
1.451946794986724854e-01
2.311510294675827026e-01
-1.544776409864425659e-01
3.494133055210113525e-01
3.647960722446441650e-01
1.778594553470611572e-01
1.348702013492584229e-01
3.102033436298370361e-01
-1.504351794719696045e-01
4.453178942203521729e-01
2.170682400465011597e-01
5.150958299636840820e-01
1.464031189680099487e-01
5.474172532558441162e-02
3.918279707431793213e-01
-3.532741069793701172e-01
-7.451152801513671875e-01
-2.339350879192352295e-01
-1.268163174390792847e-01
3.626232743263244629e-01
3.057884573936462402e-01
-1.233809627592563629e-02
-2.007107585668563843e-01
2.533332109451293945e-01
-2.583922632038593292e-02
-2.292582541704177856e-01
1.811470538377761841e-01
7.555071711540222168e-01
1.533225923776626587e-01
-9.845400601625442505e-02
8.621377497911453247e-02
-8.948370814323425293e-01
-4.799284934997558594e-01
-4.302682876586914062e-01
-1.768496036529541016e-01
1.479896903038024902e-01
-4.963837862014770508e-01
-5.556104183197021484e-01
7.994853854179382324e-01
2.855159342288970947e-01
-6.717259883880615234e-01
-9.076851010322570801e-01
4.686433374881744385e-01
-2.564343810081481934e-01
-7.269096374511718750e-01
-1.207570452243089676e-02
6.767809391021728516e-01
-4.034060537815093994e-01
-2.706582546234130859e-01
1.750324368476867676e-01
-3.521802723407745361e-01
8.945239707827568054e-03
3.821845054626464844e-01
-4.863318502902984619e-01
-2.373404204845428467e-01
-4.001280367374420166e-01
-7.232012748718261719e-01
-6.090670451521873474e-02
-7.775155901908874512e-01
3.334464132785797119e-01
-3.251704573631286621e-01
5.762221217155456543e-01
2.642019987106323242e-01
8.262323141098022461e-01
-6.866631656885147095e-02
-4.004669189453125000e-01
-5.954732745885848999e-02
-1.914841681718826294e-01
-3.927202522754669189e-01
5.055557191371917725e-02
-2.408945411443710327e-01
-3.626488447189331055e-01
