3.036933541297912598e-01
7.112117409706115723e-01
7.207730412483215332e-01
-4.848014414310455322e-01
-2.459261864423751831e-01
-4.969260655343532562e-03
1.802854239940643311e-01
4.676885008811950684e-01
4.134088456630706787e-01
4.403927624225616455e-01
3.344752788543701172e-01
-6.754713058471679688e-01
-4.171696007251739502e-01
7.155631184577941895e-01
4.833893105387687683e-02
-2.921618223190307617e-01
-3.017728328704833984e-01
7.528927922248840332e-01
4.604414105415344238e-01
-4.295521676540374756e-01
-8.877173997461795807e-03
-8.058135956525802612e-02
1.954815983772277832e-01
-2.293009907007217407e-01
-4.203741252422332764e-01
-4.327087104320526123e-01
9.282723814249038696e-02
2.224795967340469360e-01
-1.261270642280578613e-01
-8.458046317100524902e-01
2.270296066999435425e-01
-8.974187821149826050e-02
-3.485694229602813721e-01
-3.979873359203338623e-01
-1.427089869976043701e-01
-4.498601853847503662e-01
7.664829492568969727e-02
1.890481561422348022e-01
-1.890083700418472290e-01
4.912794828414916992e-01
3.736166954040527344e-01
-1.982883065938949585e-01
-3.714212179183959961e-01
-2.691591680049896240e-01
3.201323151588439941e-01
3.134543001651763916e-01
3.778581321239471436e-01
-3.028492033481597900e-01
-5.771366953849792480e-01
2.674233615398406982e-01
1.849393248558044434e-01
1.133960112929344177e-01
6.619423627853393555e-01
1.746812313795089722e-01
1.280469894409179688e-01
-2.220277115702629089e-02
-1.729035228490829468e-01
9.480313658714294434e-01
1.518842428922653198e-01
-3.652363121509552002e-01
1.759787499904632568e-01
-3.038016855716705322e-01
-7.450556010007858276e-02
2.224212884902954102e-01
3.500919938087463379e-01
-3.564201295375823975e-01
-3.271349072456359863e-01
1.004877220839262009e-02
5.329976677894592285e-01
3.607578575611114502e-02
-4.430191218852996826e-01
-1.511286050081253052e-01
-1.423363238573074341e-01
1.423100382089614868e-01
3.565165400505065918e-02
2.082213312387466431e-01
1.272473782300949097e-01
1.328932642936706543e-01
-4.229103624820709229e-01
4.782736003398895264e-01
-1.251770108938217163e-01
-4.157633185386657715e-01
-6.527283042669296265e-02
2.173186242580413818e-01
-1.385014653205871582e-01
9.732649475336074829e-02
7.055260986089706421e-02
-2.648533880710601807e-01
1.510732471942901611e-01
5.385617911815643311e-02
-8.066636919975280762e-01
-4.066576436161994934e-02
1.640331298112869263e-01
6.821984797716140747e-02
-9.140125662088394165e-02
-3.025943934917449951e-01
2.172702848911285400e-01
-5.092325210571289062e-01
7.580312341451644897e-02
2.710796296596527100e-01
-4.161198437213897705e-01
7.540000677108764648e-01
8.580297827720642090e-01
-1.463915705680847168e-01
-5.103095173835754395e-01
2.526380121707916260e-01
-3.467552065849304199e-01
4.584181308746337891e-02
-1.558882743120193481e-01
-8.758326172828674316e-01
6.933380961418151855e-01
-1.625254005193710327e-02
-1.819010972976684570e-01
3.016186952590942383e-01
-6.713124513626098633e-01
-3.209204226732254028e-02
-2.120887190103530884e-01
3.027170002460479736e-01
9.170131087303161621e-01
2.715274989604949951e-01
-6.266001462936401367e-01
2.286584675312042236e-01
2.162697762250900269e-01
5.179854631423950195e-01
-1.446122378110885620e-01
-1.675814688205718994e-01
2.561853528022766113e-01
-6.479594707489013672e-01
