1.302332617342472076e-02
2.135483622550964355e-01
1.690493896603584290e-02
-2.603716254234313965e-01
1.775379665195941925e-02
-7.102323174476623535e-01
-1.006181538105010986e-01
3.346850275993347168e-01
-2.516111731529235840e-01
-1.337497085332870483e-01
-1.840769350528717041e-01
-4.582944810390472412e-01
-6.826040148735046387e-02
-4.610908627510070801e-01
3.695103824138641357e-01
-7.475878298282623291e-02
8.412788063287734985e-02
-2.395114600658416748e-01
-2.002028777496889234e-04
-1.029336676001548767e-01
-8.233352750539779663e-02
7.919735461473464966e-02
1.145368292927742004e-01
-6.881825625896453857e-02
-5.963615179061889648e-01
-1.945655494928359985e-01
2.835856378078460693e-02
1.222506910562515259e-01
1.301603168249130249e-01
-1.743094176054000854e-01
-9.200920164585113525e-02
-1.750594079494476318e-01
-2.286990918219089508e-02
-5.427808165550231934e-01
-9.647078067064285278e-02
-5.702243447303771973e-01
-1.400941759347915649e-01
1.109678298234939575e-01
4.906960129737854004e-01
-3.963207900524139404e-01
8.416472375392913818e-02
3.265005648136138916e-01
5.465845763683319092e-02
1.954817026853561401e-01
4.542364776134490967e-01
3.309332728385925293e-01
-5.476715788245201111e-02
-2.805075943470001221e-01
5.622683092951774597e-02
-2.669022381305694580e-01
4.211889207363128662e-01
4.048830866813659668e-01
6.850941181182861328e-01
7.491201162338256836e-01
7.729989290237426758e-01
1.543108671903610229e-01
2.376587241888046265e-01
-2.866690456867218018e-01
-3.980771303176879883e-01
-7.502858992666006088e-03
3.404374718666076660e-01
2.869960665702819824e-01
-2.410430163145065308e-01
-1.896644234657287598e-01
1.391579061746597290e-01
-1.564213633537292480e-01
1.418661922216415405e-01
4.700796306133270264e-01
8.015299588441848755e-02
-5.857212543487548828e-01
5.493979156017303467e-02
3.860640227794647217e-01
-1.788367480039596558e-01
-4.736669734120368958e-02
-1.522100269794464111e-01
-1.138031482696533203e-01
-1.737127155065536499e-01
2.297427318990230560e-02
7.009954750537872314e-02
2.564733922481536865e-01
-6.783854961395263672e-02
7.903638482093811035e-02
1.370962411165237427e-01
3.039501607418060303e-01
5.633953213691711426e-01
2.324824631214141846e-01
2.259667664766311646e-01
-4.580582976341247559e-01
3.514758050441741943e-01
8.304738402366638184e-01
-1.886157989501953125e-01
-1.425522565841674805e-01
-5.419653654098510742e-01
1.783073991537094116e-01
5.222779512405395508e-02
-9.849712252616882324e-01
-5.714825987815856934e-01
-6.577142477035522461e-01
-8.641448616981506348e-02
-2.021405696868896484e-01
-1.494283378124237061e-01
-1.390382349491119385e-01
-1.014155671000480652e-01
-8.782524615526199341e-02
3.621592521667480469e-01
2.519583106040954590e-01
-3.935523033142089844e-01
-8.141193538904190063e-02
-1.353436056524515152e-02
-5.462795495986938477e-01
6.419449299573898315e-02
3.262604176998138428e-01
2.862401306629180908e-01
6.816958785057067871e-01
-3.976801410317420959e-02
1.781278848648071289e-01
-2.553136348724365234e-01
3.640921413898468018e-01
2.498330026865005493e-01
1.813854426145553589e-01
-2.736328244209289551e-01
-7.827540487051010132e-02
1.240997239947319031e-01
-1.275591701269149780e-01
5.140344798564910889e-02
7.707154005765914917e-02
-1.582364290952682495e-01
-5.901294350624084473e-01
