-5.194526910781860352e-01
-3.038421571254730225e-01
1.610487103462219238e-01
6.587725877761840820e-02
9.549767524003982544e-02
2.001373283565044403e-02
-7.416661083698272705e-02
3.173678219318389893e-01
9.878522902727127075e-02
-2.018475830554962158e-01
2.130343765020370483e-02
-4.276566803455352783e-01
-4.862398505210876465e-01
-1.163017526268959045e-01
6.891607642173767090e-01
-2.882001176476478577e-02
-1.908787041902542114e-01
2.827151119709014893e-01
-6.447742879390716553e-02
-8.586987257003784180e-01
1.759260445833206177e-01
6.437946856021881104e-02
1.315669119358062744e-01
1.498017311096191406e-01
1.882875561714172363e-01
2.621768116950988770e-01
4.196289181709289551e-01
5.258896946907043457e-01
-1.005495861172676086e-01
1.735125482082366943e-01
-1.522842645645141602e-01
-1.936870217323303223e-01
-3.007603287696838379e-01
-2.053302973508834839e-01
-1.505214162170886993e-02
3.902628719806671143e-01
-1.686393320560455322e-01
3.001334071159362793e-01
3.247144520282745361e-01
1.749198734760284424e-01
-5.499478578567504883e-01
5.654485821723937988e-01
-2.600668966770172119e-01
-9.807045012712478638e-02
1.431393921375274658e-01
4.192670434713363647e-02
-2.889299988746643066e-01
-4.779526889324188232e-01
-9.066975675523281097e-03
-2.560102939605712891e-01
2.205476015806198120e-01
1.147937402129173279e-01
2.334255278110504150e-01
2.748542129993438721e-01
2.787677943706512451e-01
-5.928517505526542664e-02
4.187573790550231934e-01
-1.579113006591796875e-01
4.692270159721374512e-01
-1.465213894844055176e-01
1.661228239536285400e-01
7.737878561019897461e-01
-1.244001835584640503e-01
4.769438207149505615e-01
-2.699961066246032715e-01
5.106437802314758301e-01
1.230662018060684204e-01
3.254241049289703369e-01
3.586458563804626465e-01
-4.415288567543029785e-01
1.866052299737930298e-01
2.728603184223175049e-01
-1.039679169654846191e+00
3.488844633102416992e-02
-7.948347926139831543e-02
-3.606615364551544189e-01
3.650977909564971924e-01
5.638399720191955566e-01
4.830531477928161621e-01
4.244592487812042236e-01
5.626001209020614624e-02
-1.670454889535903931e-01
3.247538805007934570e-01
1.197043582797050476e-01
1.159631982445716858e-01
3.928300365805625916e-02
6.351971626281738281e-01
9.851638227701187134e-03
1.594677567481994629e-01
-1.382770240306854248e-01
-7.033353447914123535e-01
-7.168273329734802246e-01
5.100698024034500122e-02
-2.539473474025726318e-01
6.374786496162414551e-01
-3.190325200557708740e-01
-2.521319687366485596e-01
-1.568054705858230591e-01
-4.269991442561149597e-02
-1.986027881503105164e-02
-4.452402293682098389e-01
-9.489959478378295898e-02
4.321436882019042969e-01
-4.121858179569244385e-01
-3.689838647842407227e-01
-3.046363890171051025e-01
-8.529542684555053711e-01
-2.594770789146423340e-01
2.590804696083068848e-01
-6.819137930870056152e-01
1.299727112054824829e-01
-3.270963132381439209e-01
1.260060369968414307e-01
7.102942466735839844e-01
4.273183178156614304e-03
8.128227293491363525e-02
1.437376886606216431e-01
-3.479471802711486816e-02
6.080434843897819519e-02
-3.705312013626098633e-01
-7.173750996589660645e-01
-1.763515770435333252e-01
-1.844297051429748535e-01
-8.379205316305160522e-02
-2.375665903091430664e-01
-2.936359345912933350e-01
8.055035769939422607e-02
3.351671248674392700e-02
