7.859734445810317993e-02
2.475998699665069580e-01
4.124882817268371582e-01
-9.691056795418262482e-03
8.956870436668395996e-02
-1.944008469581604004e-01
2.274612337350845337e-01
5.672241449356079102e-01
1.177096087485551834e-02
3.330415189266204834e-01
3.735860884189605713e-01
-4.788063764572143555e-01
-5.588678121566772461e-01
-2.017575502395629883e-01
2.556982338428497314e-01
-1.914720982313156128e-02
2.117506712675094604e-01
3.385797739028930664e-01
3.501920998096466064e-01
-8.588391542434692383e-02
-1.234062388539314270e-01
3.495861589908599854e-01
1.055239140987396240e-01
3.852198421955108643e-01
-8.761525750160217285e-01
-8.257997035980224609e-02
8.704005926847457886e-02
2.938832640647888184e-01
-1.247019097208976746e-01
-1.571987867355346680e-01
-3.924820721149444580e-01
-2.838214635848999023e-01
1.603344529867172241e-01
1.056045889854431152e-01
2.175742685794830322e-01
-1.395401805639266968e-01
2.054335325956344604e-01
-1.370950937271118164e-01
6.675320863723754883e-01
-6.267779320478439331e-02
2.651570439338684082e-01
2.443241477012634277e-01
-4.245345294475555420e-01
9.789839386940002441e-02
5.809094309806823730e-01
-4.830130934715270996e-02
1.573130339384078979e-01
-3.438361585140228271e-01
2.863753139972686768e-01
-1.643130183219909668e-01
-1.585362665355205536e-02
-2.280301451683044434e-01
3.778745234012603760e-01
2.052502483129501343e-01
2.343978583812713623e-01
7.663742899894714355e-01
1.921541541814804077e-01
-2.569225132465362549e-01
-8.194909244775772095e-02
6.600397825241088867e-02
1.844107508659362793e-01
1.627585105597972870e-02
1.726678460836410522e-01
2.885968983173370361e-01
3.401774168014526367e-01
-1.478408873081207275e-01
1.480935662984848022e-01
1.045884415507316589e-01
4.030664563179016113e-01
-4.024258852005004883e-01
5.120723042637109756e-03
1.325206309556961060e-01
-6.127309203147888184e-01
2.027857303619384766e-01
-3.177409470081329346e-01
9.484232217073440552e-02
-1.918097734451293945e-01
3.815964758396148682e-01
2.922421693801879883e-02
3.328467905521392822e-01
2.470112591981887817e-01
4.183612763881683350e-01
-8.560244739055633545e-02
5.453528761863708496e-01
2.064494043588638306e-01
3.175455331802368164e-01
8.731062524020671844e-03
-6.077196076512336731e-02
3.709031641483306885e-02
2.227910608053207397e-01
-4.409969747066497803e-01
-6.681309342384338379e-01
-5.622040107846260071e-02
6.526637822389602661e-02
4.779152274131774902e-01
-3.441135883331298828e-01
-6.205371618270874023e-01
-5.269147157669067383e-01
-3.413560241460800171e-02
-2.279076576232910156e-01
-2.191494777798652649e-02
3.444225192070007324e-01
1.655701994895935059e-01
4.983550310134887695e-02
-6.303244084119796753e-02
1.775262355804443359e-01
-1.452262401580810547e-01
-6.649542450904846191e-01
-5.913226399570703506e-03
-4.330051839351654053e-01
8.674141019582748413e-02
-1.037966310977935791e-01
-6.139204278588294983e-02
-1.294748336076736450e-01
-3.896600306034088135e-01
-7.405421882867813110e-02
3.129487335681915283e-01
3.462754487991333008e-01
4.912813380360603333e-02
5.475796461105346680e-01
-5.296533107757568359e-01
-4.064366519451141357e-01
2.639326453208923340e-01
3.474932312965393066e-01
-2.615475952625274658e-01
-4.899317026138305664e-01
-1.054268777370452881e-01
-2.177914083003997803e-01
