-3.053375780582427979e-01
-9.549303650856018066e-01
-5.178338289260864258e-01
-3.917337208986282349e-02
-3.091163635253906250e-01
-5.469026565551757812e-01
-3.964549005031585693e-01
6.163429021835327148e-01
2.279464155435562134e-01
-4.293518513441085815e-02
-7.959391921758651733e-02
3.339544236660003662e-01
-2.628429532051086426e-01
2.318451404571533203e-01
-6.007560528814792633e-03
-3.803900256752967834e-02
-9.049616754055023193e-02
3.489424288272857666e-01
3.695566356182098389e-01
-5.408567786216735840e-01
2.105432897806167603e-01
-1.632773727178573608e-01
-2.451639771461486816e-01
-3.361670970916748047e-01
2.282442450523376465e-01
3.151165321469306946e-02
-4.606122896075248718e-02
-2.599277198314666748e-01
3.905777633190155029e-01
-1.506614126265048981e-02
-4.393410086631774902e-01
-2.917667329311370850e-01
-6.840652227401733398e-02
1.439773142337799072e-01
1.853658407926559448e-01
4.059583246707916260e-01
-3.918981850147247314e-01
1.846595853567123413e-01
7.928039431571960449e-01
-4.331049323081970215e-01
-3.479355275630950928e-01
5.036694407463073730e-01
-1.341568827629089355e-01
2.660681307315826416e-01
4.539119303226470947e-01
-1.185623332858085632e-01
3.263006508350372314e-01
-4.068918526172637939e-01
3.149423599243164062e-01
-1.180757675319910049e-02
2.138379961252212524e-01
-1.566047668457031250e-01
1.222743168473243713e-01
5.738628655672073364e-02
7.386942207813262939e-02
5.876328945159912109e-01
4.692110419273376465e-01
1.158949211239814758e-01
-3.731428682804107666e-01
-1.061258018016815186e-01
-3.667666316032409668e-01
-3.133090957999229431e-02
-3.173122927546501160e-02
5.239834785461425781e-01
-5.247840285301208496e-01
3.249913752079010010e-01
1.274127606302499771e-02
9.837906807661056519e-02
1.215775832533836365e-01
6.187983602285385132e-02
-1.470994204282760620e-01
5.286873579025268555e-01
-4.223291575908660889e-01
-4.192280769348144531e-01
-6.029500365257263184e-01
-7.758320868015289307e-02
-8.641501888632774353e-03
-1.593869328498840332e-01
-2.108456790447235107e-01
3.150973021984100342e-01
5.101543664932250977e-01
-8.601101487874984741e-02
9.873273968696594238e-01
1.219353795051574707e+00
5.686588883399963379e-01
-7.187197450548410416e-03
6.246723532676696777e-01
-1.766005754470825195e-01
9.759792685508728027e-02
2.667407989501953125e-01
-4.501540362834930420e-01
-4.955728352069854736e-01
-8.947102427482604980e-01
-3.023070394992828369e-01
8.140422701835632324e-01
-5.340064167976379395e-01
-1.717992871999740601e-01
-3.089262545108795166e-01
1.821006834506988525e-01
1.475366652011871338e-01
-3.612045049667358398e-01
9.476494789123535156e-01
2.907023131847381592e-01
3.167014941573143005e-02
9.245919436216354370e-02
-5.985184311866760254e-01
-2.473324239253997803e-01
-5.943567678332328796e-02
1.509198248386383057e-01
-5.420085787773132324e-01
3.825096786022186279e-01
-2.617280781269073486e-01
-1.962171345949172974e-01
-1.610031574964523315e-01
-1.557248383760452271e-01
-2.919326424598693848e-01
3.491826951503753662e-01
-3.588194400072097778e-02
6.187707781791687012e-01
-1.354110836982727051e-01
9.926962107419967651e-02
-3.376670554280281067e-02
8.553183078765869141e-02
-1.067424789071083069e-01
9.828753769397735596e-02
-7.984139919281005859e-01
8.128567785024642944e-02
-2.328879386186599731e-01
