-3.829228878021240234e-02
-1.154766678810119629e-01
5.421537160873413086e-01
-1.808049380779266357e-01
6.306176632642745972e-02
-2.686825990676879883e-01
-2.702687382698059082e-01
5.555377006530761719e-01
-4.426628351211547852e-01
5.439194291830062866e-02
2.042833119630813599e-01
3.652524650096893311e-01
4.030663520097732544e-02
1.143654584884643555e-01
7.711163163185119629e-01
2.615482509136199951e-01
-5.610164999961853027e-02
6.427780389785766602e-01
-5.237217545509338379e-01
-4.271639287471771240e-01
4.560750126838684082e-01
-3.729451894760131836e-01
2.773108780384063721e-01
3.943258225917816162e-01
-5.227521061897277832e-01
-4.051197692751884460e-02
1.038433983922004700e-01
1.376113146543502808e-01
-4.826037883758544922e-01
-3.964865952730178833e-02
2.718516439199447632e-02
-2.093054801225662231e-01
-1.848449110984802246e-01
4.988437891006469727e-02
-4.454259872436523438e-01
-4.149761795997619629e-01
3.731682896614074707e-02
9.912969470024108887e-01
3.902038931846618652e-01
-6.739518046379089355e-01
-3.568350896239280701e-02
-3.997915387153625488e-01
-7.017096877098083496e-02
8.428441733121871948e-02
3.922829926013946533e-01
3.135846182703971863e-02
3.569044172763824463e-02
-4.800610840320587158e-01
-1.428690850734710693e-01
-6.762436777353286743e-02
-2.092307060956954956e-01
3.956320881843566895e-01
2.285261303186416626e-01
-2.796220183372497559e-01
3.272542953491210938e-01
7.761953026056289673e-02
6.493244767189025879e-01
1.919277757406234741e-01
-2.690642774105072021e-01
-2.526687085628509521e-01
3.552083624526858330e-03
1.119824945926666260e-01
-1.797127276659011841e-01
-3.925580084323883057e-01
2.962034642696380615e-01
-1.290482729673385620e-01
-1.571108996868133545e-01
2.668638229370117188e-01
2.136031091213226318e-01
-8.950841426849365234e-01
1.082178205251693726e-01
1.059826649725437164e-02
-2.283262759447097778e-01
-6.217439770698547363e-01
1.003048866987228394e-01
-1.124039590358734131e-01
-1.569672371260821819e-03
2.307413518428802490e-01
-8.479187637567520142e-02
7.295948266983032227e-01
1.570044010877609253e-01
-1.826086640357971191e-01
-3.672642633318901062e-03
8.907659053802490234e-01
2.813373208045959473e-01
-4.704137146472930908e-01
4.575492143630981445e-01
-5.675947070121765137e-01
4.492791891098022461e-01
-5.558048933744430542e-02
-6.685776710510253906e-01
-4.399123191833496094e-01
-2.207996547222137451e-01
4.122206568717956543e-01
-5.680996924638748169e-02
-5.047905445098876953e-01
-1.203555688261985779e-01
-4.165527820587158203e-01
-1.237147748470306396e-01
4.639188945293426514e-01
-4.423590302467346191e-01
-7.802367955446243286e-02
-1.876375973224639893e-01
-3.369714319705963135e-01
-5.684279203414916992e-01
3.336407542228698730e-01
-5.251749157905578613e-01
-5.536158755421638489e-02
1.183487474918365479e-01
-1.593182682991027832e-01
-8.002191781997680664e-02
6.547436118125915527e-02
-6.487912684679031372e-02
3.495768606662750244e-01
-4.785581529140472412e-01
4.202283620834350586e-01
3.582845330238342285e-01
-2.477043680846691132e-02
1.923571974039077759e-01
8.141268044710159302e-02
-1.139346659183502197e-01
-4.954832196235656738e-01
3.114529848098754883e-01
7.922321557998657227e-02
-3.213683664798736572e-01
-4.126475751399993896e-01
-3.283419311046600342e-01
-2.954449653625488281e-01
