2.806465029716491699e-01
-2.446738071739673615e-02
-2.422622889280319214e-01
2.124970778822898865e-02
-1.459241807460784912e-01
-1.405587345361709595e-01
-4.126063287258148193e-01
7.235062122344970703e-02
1.273021697998046875e-01
2.920461595058441162e-01
5.421769618988037109e-01
-1.053813546895980835e-01
-5.535136461257934570e-01
4.923343956470489502e-01
7.274129390716552734e-01
-4.442042112350463867e-01
-1.158737093210220337e-01
5.481182932853698730e-01
4.372721016407012939e-01
-2.108240574598312378e-01
-2.284560650587081909e-01
-7.783592492341995239e-02
9.366247802972793579e-02
3.652609586715698242e-01
-6.592935919761657715e-01
2.594785392284393311e-01
-2.091143429279327393e-01
6.303609013557434082e-01
2.056953161954879761e-01
-3.488546609878540039e-01
-5.772812962532043457e-01
-4.672168791294097900e-01
-2.382785230875015259e-01
6.175690889358520508e-01
-3.572282791137695312e-01
8.491247147321701050e-02
3.780499100685119629e-01
3.399971127510070801e-01
6.838127374649047852e-01
-5.967418551445007324e-01
-4.808834195137023926e-01
-5.923430919647216797e-01
-2.872524559497833252e-01
1.005197763442993164e-01
4.701716303825378418e-01
-2.415224015712738037e-01
1.631708890199661255e-01
3.395472764968872070e-01
-1.021261438727378845e-01
4.202629998326301575e-02
4.832183718681335449e-01
-5.637693032622337341e-02
1.316295471042394638e-03
1.768684536218643188e-01
1.168060749769210815e-01
6.776586174964904785e-01
1.030731424689292908e-01
-1.734907031059265137e-01
4.149566292762756348e-01
3.361892104148864746e-01
3.096592724323272705e-01
-5.816165730357170105e-02
-3.168072402477264404e-01
2.133945524692535400e-01
4.507541060447692871e-01
-5.373776555061340332e-01
2.384252548217773438e-01
9.548372775316238403e-02
7.755701541900634766e-01
-2.215515226125717163e-01
-1.638201773166656494e-01
-2.363400161266326904e-01
-6.952046751976013184e-01
1.491513401269912720e-01
-9.457615613937377930e-01
1.253024786710739136e-01
3.222494125366210938e-01
-2.046332359313964844e-01
-6.038264185190200806e-02
2.907719910144805908e-01
-2.721102237701416016e-01
-3.174654841423034668e-01
2.404904216527938843e-01
3.040598630905151367e-01
4.255551099777221680e-01
-9.934653341770172119e-02
7.050136327743530273e-01
5.078996419906616211e-01
-5.833758115768432617e-01
-1.260599642992019653e-01
-5.536209344863891602e-01
-1.404274553060531616e-01
-4.083277881145477295e-01
2.808286249637603760e-01
-5.594675242900848389e-02
-6.226667165756225586e-01
-9.765955209732055664e-01
-1.689508557319641113e-01
-1.024724766612052917e-01
-5.438126921653747559e-01
-3.837422132492065430e-01
1.594489067792892456e-01
-2.603529095649719238e-01
-3.726152181625366211e-01
-1.923012435436248779e-01
-2.450361847877502441e-01
3.931147754192352295e-01
-4.830484092235565186e-01
-3.397443592548370361e-01
-6.270129680633544922e-01
1.713677346706390381e-01
-1.751433312892913818e-01
-1.806843280792236328e-01
7.374505996704101562e-01
1.897641271352767944e-01
3.610797524452209473e-01
3.517922163009643555e-01
4.186490774154663086e-01
6.465147733688354492e-01
-1.357559412717819214e-01
-4.578721225261688232e-01
-2.327529937028884888e-01
6.596815586090087891e-01
6.363520026206970215e-01
-2.907121777534484863e-01
-2.595286071300506592e-01
-8.241233229637145996e-02
-5.404228568077087402e-01
