-3.342995345592498779e-01
6.378126144409179688e-02
2.961974404752254486e-02
3.535981103777885437e-02
-5.359727740287780762e-01
-2.294033467769622803e-01
8.738242834806442261e-02
4.569147527217864990e-02
-1.500957161188125610e-01
-3.061698377132415771e-01
5.723166465759277344e-01
-1.808990240097045898e-01
-3.981903567910194397e-02
4.646937921643257141e-02
3.467205166816711426e-01
-7.415652275085449219e-02
-2.029322981834411621e-01
-1.001765206456184387e-02
-5.178491473197937012e-01
-2.846342027187347412e-01
1.050090417265892029e-01
-2.414011955261230469e-01
-1.485883146524429321e-01
-1.380068995058536530e-02
-9.095604419708251953e-01
-2.858703024685382843e-02
-7.348716259002685547e-02
-2.291323095560073853e-01
-3.761938214302062988e-01
3.616502135992050171e-02
-2.782202959060668945e-01
-2.349961102008819580e-01
-5.480140820145606995e-02
6.680087745189666748e-02
-1.070989370346069336e-01
4.954164326190948486e-01
1.813868731260299683e-01
-5.933403968811035156e-01
2.480815052986145020e-01
-4.439771473407745361e-01
-4.303560853004455566e-01
2.285556495189666748e-01
-1.416566520929336548e-01
-2.755999267101287842e-01
9.932137280702590942e-02
1.825019717216491699e-01
5.552362799644470215e-01
-4.622210562229156494e-02
6.233610510826110840e-01
-7.730854302644729614e-02
5.832213759422302246e-01
-1.672596633434295654e-01
7.092430591583251953e-01
-3.114000707864761353e-02
4.797493815422058105e-01
1.401093006134033203e-01
4.804232716560363770e-01
-2.942042648792266846e-01
8.729674853384494781e-03
2.784889042377471924e-01
-1.316946744918823242e-02
1.621743142604827881e-01
4.507728815078735352e-01
-2.347533106803894043e-01
-1.047727018594741821e-01
3.368513286113739014e-02
6.857889145612716675e-02
6.105878353118896484e-01
4.918465614318847656e-01
9.218632429838180542e-02
2.287636324763298035e-02
1.573631018400192261e-01
-6.986667513847351074e-01
-1.016912981867790222e-01
-2.892633676528930664e-01
-5.344211459159851074e-01
-2.847745418548583984e-01
-1.093693599104881287e-01
-2.074912637472152710e-01
2.611827850341796875e-01
-1.598734408617019653e-01
-3.851532340049743652e-01
-3.900112211704254150e-02
-2.517702244222164154e-02
9.025533497333526611e-02
5.270214378833770752e-02
5.681516528129577637e-01
-4.032661616802215576e-01
3.261912465095520020e-01
1.200379505753517151e-01
-4.272359609603881836e-01
-5.390635728836059570e-01
-1.509230863302946091e-02
-2.371470928192138672e-01
7.884609699249267578e-01
2.021224498748779297e-01
-6.315494775772094727e-01
-6.941925287246704102e-01
5.685656666755676270e-01
-4.849278330802917480e-01
-6.065540909767150879e-01
2.547775767743587494e-02
4.924441277980804443e-01
-2.841687947511672974e-02
5.450469255447387695e-01
-8.529494702816009521e-02
1.586072891950607300e-01
-5.980026125907897949e-01
1.213644742965698242e-01
-6.731181144714355469e-01
6.119747161865234375e-01
6.846527010202407837e-02
-9.354665130376815796e-02
1.743819415569305420e-01
-3.121854364871978760e-01
-9.449619054794311523e-02
-1.234469041228294373e-01
1.819521486759185791e-01
6.501493453979492188e-01
5.260942503809928894e-02
-6.062172353267669678e-02
-2.962290942668914795e-01
-1.390644162893295288e-01
1.529047191143035889e-01
1.604440622031688690e-03
-6.128168478608131409e-02
-9.222146123647689819e-02
-2.137448042631149292e-01
