1.502405256032943726e-01
-4.215597510337829590e-01
-7.640693336725234985e-02
3.778240084648132324e-02
-3.501326441764831543e-01
-2.109816372394561768e-01
1.805326193571090698e-01
-9.873828291893005371e-02
4.913916811347007751e-02
-1.304999291896820068e-01
-2.518542669713497162e-02
-2.991626858711242676e-01
-2.328675240278244019e-01
-1.028436645865440369e-01
7.150800526142120361e-02
-5.092024803161621094e-01
2.325067073106765747e-01
4.965906739234924316e-01
2.351844906806945801e-01
-3.890793919563293457e-01
2.451673448085784912e-01
9.710762649774551392e-03
-3.299284875392913818e-01
1.681246757507324219e-01
-5.341507866978645325e-02
-1.382555365562438965e-01
9.675400704145431519e-02
-8.479025214910507202e-02
4.600576460361480713e-01
-3.316799700260162354e-01
-2.046064883470535278e-01
1.067325696349143982e-01
-2.554985582828521729e-01
1.480421423912048340e-01
-2.010636329650878906e-01
-1.691538244485855103e-01
-6.893473910167813301e-04
3.732734322547912598e-01
4.825032949447631836e-01
-6.802616119384765625e-01
-1.482988297939300537e-01
4.073157906532287598e-01
1.693001649982761592e-05
3.595466315746307373e-01
3.686986863613128662e-01
1.823615431785583496e-01
-5.270513296127319336e-01
-1.934841126203536987e-01
1.959944814443588257e-01
-2.429552078247070312e-01
3.132652044296264648e-01
-8.286440372467041016e-02
2.920457124710083008e-01
3.048128485679626465e-01
3.258868753910064697e-01
6.808038353919982910e-01
-1.610675826668739319e-02
1.356292665004730225e-01
-1.437145024538040161e-01
-2.855346798896789551e-01
-6.366001963615417480e-01
-9.357059001922607422e-02
6.639184802770614624e-02
1.982554793357849121e-01
4.156877398490905762e-01
-2.623752355575561523e-01
2.266823947429656982e-01
5.953669548034667969e-01
1.975183784961700439e-01
-4.094811975955963135e-01
-5.044313147664070129e-02
3.359480202198028564e-01
-3.200953602790832520e-01
1.765283793210983276e-01
1.043205335736274719e-01
-2.345388531684875488e-01
8.754954906180500984e-04
-1.563162077218294144e-03
-5.879485011100769043e-01
1.403171271085739136e-01
2.876389622688293457e-01
1.683237031102180481e-02
4.505805373191833496e-01
-1.745210289955139160e-01
2.865906655788421631e-01
-1.434147506952285767e-01
4.450754523277282715e-01
-2.748760581016540527e-01
9.548771381378173828e-02
1.689153760671615601e-01
-2.462587803602218628e-01
7.431420683860778809e-02
-1.910766959190368652e-01
-1.477408856153488159e-01
2.512701451778411865e-01
-5.613527297973632812e-01
-5.884162187576293945e-01
-7.418278455734252930e-01
-8.194158226251602173e-02
-2.688863575458526611e-01
-3.025836348533630371e-01
6.801828145980834961e-01
4.782703518867492676e-01
-1.577548980712890625e-01
-4.832047596573829651e-02
-1.334221959114074707e-01
-1.896283626556396484e-01
-8.369272947311401367e-01
-3.277097940444946289e-01
-3.719646334648132324e-01
6.005979776382446289e-01
2.924697399139404297e-01
-3.782668411731719971e-01
2.677406072616577148e-01
-5.126039981842041016e-01
3.777173459529876709e-01
2.306067496538162231e-01
1.684939563274383545e-01
1.403595954179763794e-01
2.149885892868041992e-01
-7.370760440826416016e-01
-1.339352130889892578e-01
-2.834640443325042725e-01
-6.112051755189895630e-02
-2.005375772714614868e-01
-4.180733859539031982e-02
4.483308196067810059e-01
-2.726499438285827637e-01
