3.704170286655426025e-01
5.858527421951293945e-01
5.913649201393127441e-01
-5.047569274902343750e-01
3.061784803867340088e-01
4.649018347263336182e-01
2.147985696792602539e-01
3.739685416221618652e-01
3.984827101230621338e-01
-1.649890467524528503e-02
-1.854039169847965240e-02
1.201767027378082275e-01
-4.375263750553131104e-01
-2.770394319668412209e-03
1.885681748390197754e-01
1.609251201152801514e-01
-1.805236637592315674e-01
2.191322892904281616e-01
-3.333645462989807129e-01
1.133351307362318039e-02
-3.565626144409179688e-01
-3.995440006256103516e-01
-4.705740809440612793e-01
-2.292284369468688965e-01
-9.841226935386657715e-01
2.306283563375473022e-01
1.153483092784881592e-01
-4.482565820217132568e-01
2.622481249272823334e-02
-5.998897552490234375e-01
-1.153759360313415527e-01
-6.688640266656875610e-02
-3.753501176834106445e-01
-8.021590113639831543e-02
-3.158491551876068115e-01
-1.700990200042724609e-01
-3.464554846286773682e-01
-7.185590863227844238e-01
3.475109040737152100e-01
-4.957807064056396484e-01
7.585522532463073730e-01
5.016893744468688965e-01
-7.225008606910705566e-01
-1.587946116924285889e-01
5.207539200782775879e-01
5.898045301437377930e-01
2.608997821807861328e-01
6.911779642105102539e-01
-7.877156734466552734e-01
6.016839295625686646e-02
1.109889820218086243e-01
2.229150086641311646e-01
3.639833629131317139e-01
2.924872338771820068e-01
3.811697065830230713e-01
4.682970941066741943e-01
4.531577825546264648e-01
1.905057579278945923e-01
3.759638667106628418e-01
-5.810816884040832520e-01
-5.757313370704650879e-01
1.771404892206192017e-01
3.839682042598724365e-01
6.568695306777954102e-01
-2.632723450660705566e-01
-3.882119655609130859e-01
2.718902230262756348e-01
-6.911753118038177490e-02
4.335344731807708740e-01
-4.566325843334197998e-01
-3.048659861087799072e-01
-2.217800766229629517e-01
2.934877574443817139e-01
3.898324370384216309e-01
1.164548248052597046e-01
2.050290554761886597e-01
2.967191636562347412e-01
1.662653237581253052e-01
-4.239588379859924316e-01
6.406629085540771484e-01
-1.584970057010650635e-01
-2.064159661531448364e-01
4.651622772216796875e-01
8.935542702674865723e-01
2.524279654026031494e-01
-3.777710795402526855e-01
5.050066113471984863e-01
-5.167647823691368103e-02
7.183136940002441406e-01
-1.357494890689849854e-01
-1.288601160049438477e-01
-4.992580711841583252e-01
-2.645979821681976318e-01
-3.074140846729278564e-01
6.065900921821594238e-01
-4.378017187118530273e-01
7.710350751876831055e-01
1.294544637203216553e-01
2.187240570783615112e-01
1.355377286672592163e-01
-6.482652425765991211e-01
5.945034623146057129e-01
2.220461219549179077e-01
-4.811592102050781250e-01
-6.768574118614196777e-01
-1.935759373009204865e-02
-2.703780531883239746e-01
1.446563452482223511e-01
4.262161254882812500e-01
-4.969373941421508789e-01
1.766136735677719116e-01
3.881751596927642822e-01
1.885067373514175415e-01
4.073054492473602295e-01
1.420790851116180420e-01
-7.081743329763412476e-02
-1.593179255723953247e-01
1.210912093520164490e-01
5.386687517166137695e-01
1.504956334829330444e-01
-8.262754678726196289e-01
-2.520365417003631592e-01
-7.557965815067291260e-02
-1.967300474643707275e-01
-4.695459306240081787e-01
5.193503499031066895e-01
4.961800575256347656e-01
-2.411947101354598999e-01
