-1.792208105325698853e-01
9.438405930995941162e-02
2.371720969676971436e-01
1.332671344280242920e-01
2.692330777645111084e-01
-1.565209776163101196e-02
1.125273667275905609e-02
-2.911543250083923340e-01
-5.386997386813163757e-02
-2.364731878042221069e-01
-1.258986592292785645e-01
-1.760977804660797119e-01
-2.523392736911773682e-01
-5.558650493621826172e-01
2.033139169216156006e-01
-4.068076312541961670e-01
7.663643360137939453e-02
-2.806463278830051422e-02
4.251312464475631714e-02
-9.328166395425796509e-02
1.694238744676113129e-02
-1.254022270441055298e-01
6.223566532135009766e-01
6.203875541687011719e-01
-5.795669555664062500e-01
7.800012081861495972e-02
-1.157093420624732971e-01
2.441409528255462646e-01
-5.469685792922973633e-01
1.415435671806335449e-01
-4.216297268867492676e-01
-3.024289309978485107e-01
-1.334815174341201782e-01
3.098063766956329346e-01
1.640312820672988892e-01
-3.121680021286010742e-01
4.658860266208648682e-01
3.910461366176605225e-01
1.520173847675323486e-01
-1.049662470817565918e+00
-2.987052202224731445e-01
-2.159153819084167480e-01
-1.264668256044387817e-01
5.166647955775260925e-02
4.008074477314949036e-02
4.065196812152862549e-01
-2.829793989658355713e-01
-9.917199611663818359e-02
1.744963973760604858e-01
1.080018430948257446e-01
5.847179889678955078e-02
4.398708231747150421e-03
2.536653280258178711e-01
4.857547581195831299e-01
1.735636293888092041e-01
7.428544759750366211e-01
-7.628648728132247925e-02
-1.221346110105514526e-01
-2.005681544542312622e-01
-2.309857904911041260e-01
-8.055804669857025146e-02
1.503468751907348633e-01
-3.055673241615295410e-01
5.657767504453659058e-02
1.228772997856140137e-01
-3.691061139106750488e-01
-1.531324256211519241e-02
4.289662837982177734e-01
4.600762724876403809e-01
-1.123518720269203186e-01
2.783787250518798828e-01
4.476829767227172852e-01
-3.831722438335418701e-01
-3.105982542037963867e-01
-1.877680569887161255e-01
-2.614380717277526855e-01
1.753479801118373871e-02
9.875001758337020874e-02
-4.008806645870208740e-01
7.272166013717651367e-01
1.953069865703582764e-01
-4.125639498233795166e-01
1.545426249504089355e-01
4.688359797000885010e-01
1.034610792994499207e-01
-1.226796135306358337e-01
6.328774690628051758e-01
-1.906482130289077759e-01
2.770327925682067871e-01
7.015265524387359619e-02
-4.339212775230407715e-01
-5.695890188217163086e-01
-1.569089889526367188e-01
-3.002276420593261719e-01
7.019357681274414062e-01
-4.018914401531219482e-01
-7.178166508674621582e-01
-4.236692190170288086e-01
-2.784830033779144287e-01
-8.777234703302383423e-02
-4.651176035404205322e-01
5.509279966354370117e-01
6.546630859375000000e-01
2.434533834457397461e-01
9.311163425445556641e-02
3.453345000743865967e-01
-5.327626466751098633e-01
-8.302283287048339844e-02
3.095708787441253662e-01
-2.537772655487060547e-01
1.889714747667312622e-01
-1.690152436494827271e-01
-1.684257388114929199e-02
1.379311233758926392e-01
3.106725029647350311e-02
3.506477456539869308e-03
-3.973378539085388184e-01
3.751649986952543259e-03
4.882581532001495361e-01
1.016220822930335999e-01
1.634922921657562256e-01
-1.683708280324935913e-01
-2.257791580632328987e-03
1.962506175041198730e-01
-4.923487082123756409e-02
-2.549799680709838867e-01
-5.755558013916015625e-01
-2.344718575477600098e-01
