-1.541868597269058228e-01
-3.428499214351177216e-03
8.013691902160644531e-01
2.203485220670700073e-01
-2.458375543355941772e-01
-5.552829429507255554e-02
2.412989139556884766e-01
4.869696795940399170e-01
-4.554283991456031799e-02
-2.211324870586395264e-01
3.537048697471618652e-01
8.595222234725952148e-02
3.759104907512664795e-01
2.732557654380798340e-01
-2.868836373090744019e-02
-4.867768585681915283e-01
-5.444126129150390625e-01
5.823924541473388672e-01
1.164266094565391541e-01
-4.182623326778411865e-01
-4.407489001750946045e-01
1.841286420822143555e-01
-5.463127046823501587e-02
7.377000898122787476e-02
-7.990599870681762695e-01
-2.025621533393859863e-01
-1.427000612020492554e-01
1.937934756278991699e-01
2.744695842266082764e-01
-3.646762073040008545e-01
-4.384375736117362976e-02
1.465140581130981445e-01
-2.163217663764953613e-01
-5.217260867357254028e-02
1.703740954399108887e-01
-1.519301682710647583e-01
-6.281933933496475220e-02
6.672132611274719238e-01
2.319924682378768921e-01
-2.781497538089752197e-01
-4.604267328977584839e-02
3.172765672206878662e-01
-4.634701311588287354e-01
8.201494812965393066e-02
1.146912053227424622e-01
-1.930423229932785034e-01
1.477918326854705811e-01
-5.703604221343994141e-01
-1.564660072326660156e-01
-2.419021576642990112e-01
-5.126811861991882324e-01
5.107699707150459290e-02
2.682206034660339355e-01
3.146849274635314941e-01
-6.792093068361282349e-02
3.549975156784057617e-01
-1.925346404314041138e-01
-2.599790394306182861e-01
1.677238494157791138e-01
-1.582457423210144043e-01
6.727885007858276367e-01
1.281829327344894409e-01
3.214960992336273193e-01
2.055986076593399048e-01
4.574078619480133057e-01
1.093732863664627075e-01
2.567752003669738770e-01
5.769217014312744141e-01
1.442950367927551270e-01
-3.794339001178741455e-01
3.186813741922378540e-02
-3.845433592796325684e-01
-3.188812732696533203e-01
-7.703010737895965576e-02
-1.002634018659591675e-01
-4.832083880901336670e-01
-3.021829575300216675e-02
-4.253199696540832520e-01
3.277830034494400024e-02
7.433612942695617676e-01
-1.211775690317153931e-01
-5.692332386970520020e-01
-5.952408164739608765e-02
3.399809300899505615e-01
3.352241814136505127e-01
7.024642080068588257e-02
5.789884924888610840e-01
-2.155486792325973511e-01
4.347357451915740967e-01
7.249016761779785156e-01
-3.110370337963104248e-01
1.164029017090797424e-01
-8.110210299491882324e-02
-4.577956795692443848e-01
-1.553969737142324448e-02
-2.805078029632568359e-01
5.526671558618545532e-02
-2.675472795963287354e-01
4.977519512176513672e-01
1.548815220594406128e-01
-3.521487116813659668e-01
2.588583827018737793e-01
4.464101195335388184e-01
-2.641681730747222900e-01
-5.113769173622131348e-01
1.791457235813140869e-01
-2.730774581432342529e-01
-8.071599006652832031e-01
2.025779336690902710e-01
-4.909387528896331787e-01
-8.554901927709579468e-02
8.626233041286468506e-02
-6.033460497856140137e-01
1.981479972600936890e-01
1.274824440479278564e-01
-1.579176634550094604e-02
1.076023280620574951e-01
1.876279860734939575e-01
1.802480965852737427e-01
8.720674514770507812e-01
-5.868503451347351074e-01
-3.144837617874145508e-01
2.754911482334136963e-01
5.000497102737426758e-01
-3.473432660102844238e-01
-3.445890843868255615e-01
1.405571848154067993e-01
-3.618319928646087646e-01
