1.882548630237579346e-01
-1.849413663148880005e-01
6.312629580497741699e-02
-7.759443670511245728e-02
-3.225913345813751221e-01
-7.121815532445907593e-02
7.190862298011779785e-02
8.377717435359954834e-02
2.216073125600814819e-01
-1.304842153331264853e-04
5.877748597413301468e-03
8.824341744184494019e-02
1.102219452150166035e-03
-2.588559389114379883e-01
7.007853984832763672e-01
-5.156896710395812988e-01
-2.778967618942260742e-01
1.407243460416793823e-01
-1.767187118530273438e-01
1.553066372871398926e-01
4.867063462734222412e-01
-3.445099294185638428e-01
-5.835225805640220642e-02
-2.096796929836273193e-01
-5.620576143264770508e-01
7.154925167560577393e-02
-8.759739995002746582e-02
-4.555775523185729980e-01
-1.288993060588836670e-01
-4.776775240898132324e-01
-8.447702229022979736e-02
-5.013486146926879883e-01
-5.319236516952514648e-01
-8.299019932746887207e-02
-4.826526641845703125e-01
-3.281104564666748047e-01
-4.455488920211791992e-01
7.773331999778747559e-01
2.161353640258312225e-02
2.079850137233734131e-01
1.896700561046600342e-01
9.118791818618774414e-01
-1.723722666501998901e-01
-2.642382979393005371e-01
4.918371737003326416e-01
3.344206213951110840e-01
-1.162319704890251160e-01
2.286750227212905884e-01
1.767807900905609131e-01
-4.442519247531890869e-01
1.565969288349151611e-01
7.717663049697875977e-02
6.505741477012634277e-01
-7.873471081256866455e-02
-1.063365787267684937e-01
-1.209971681237220764e-01
2.571762800216674805e-01
-8.169233798980712891e-03
2.595704197883605957e-01
2.533292174339294434e-01
3.273481503129005432e-02
5.124454386532306671e-03
-4.012736305594444275e-02
1.182154640555381775e-01
-7.823234796524047852e-02
8.351378887891769409e-02
-3.424053192138671875e-01
-2.283678650856018066e-01
3.988896608352661133e-01
-2.082372456789016724e-01
2.188840955495834351e-01
1.800213158130645752e-01
1.337763667106628418e-02
2.340407967567443848e-01
2.044204436242580414e-02
-4.698742032051086426e-01
1.939512789249420166e-01
2.775990068912506104e-01
2.358348965644836426e-01
9.605773091316223145e-01
5.134454965591430664e-01
-2.839089035987854004e-01
-2.200277149677276611e-01
4.095918685197830200e-02
1.648894250392913818e-01
-2.388090044260025024e-01
5.533989071846008301e-01
-7.895530870882794261e-05
5.074475426226854324e-03
-1.515408395789563656e-03
-4.481432735919952393e-01
1.601381003856658936e-01
-5.675565004348754883e-01
-2.057888954877853394e-01
2.683935165405273438e-01
-4.224077761173248291e-01
-1.550328135490417480e-01
-5.942539572715759277e-01
-8.469548076391220093e-02
9.730960428714752197e-02
-4.116378128528594971e-01
5.991998910903930664e-01
4.981689900159835815e-02
3.900802433490753174e-01
-2.181958556175231934e-01
-2.443315237760543823e-01
9.526226669549942017e-02
-6.637077927589416504e-01
-5.573385953903198242e-01
-4.571196138858795166e-01
8.597694635391235352e-01
-2.516115903854370117e-01
3.822943568229675293e-01
2.437301278114318848e-01
1.605844683945178986e-02
-6.993985176086425781e-02
2.951394766569137573e-02
3.936077654361724854e-01
6.013137102127075195e-01
8.335327357053756714e-02
-6.215650439262390137e-01
8.539517223834991455e-02
3.823529481887817383e-01
6.144691109657287598e-01
-5.800083279609680176e-01
-4.834438562393188477e-01
-3.052696883678436279e-01
-6.748788356781005859e-01
