5.137227103114128113e-02
-1.809402257204055786e-01
6.159163713455200195e-01
-2.909218072891235352e-01
-2.733893990516662598e-01
-1.660951673984527588e-01
-1.133552789688110352e-01
-2.368404865264892578e-01
-5.335897803306579590e-01
-1.794921308755874634e-01
1.611113101243972778e-01
-1.013751745223999023e+00
-4.041366279125213623e-01
-9.186331927776336670e-02
-5.920656025409698486e-02
-7.176962494850158691e-01
-4.400652945041656494e-01
4.339908361434936523e-01
-2.523941397666931152e-01
-4.005072265863418579e-02
2.976021468639373779e-01
-4.244493693113327026e-02
3.662460446357727051e-01
-3.619470298290252686e-01
-2.979447841644287109e-01
6.418138742446899414e-01
-4.478007555007934570e-01
2.492053657770156860e-01
3.870574533939361572e-01
-4.515036046504974365e-01
-1.458328515291213989e-01
-3.601692616939544678e-01
-1.170816197991371155e-01
1.172698382288217545e-02
-1.459248512983322144e-01
6.305574774742126465e-01
-1.398206781595945358e-02
6.517839431762695312e-01
1.843300461769104004e-01
-4.677786231040954590e-01
1.500873565673828125e-01
5.638759955763816833e-02
-3.737457692623138428e-01
-1.890891641378402710e-01
-2.144575566053390503e-01
9.574408084154129028e-02
3.832042217254638672e-03
-5.666993856430053711e-01
1.090064719319343567e-01
9.571847319602966309e-02
-9.796809405088424683e-02
4.526483416557312012e-01
6.614812612533569336e-01
3.604695498943328857e-01
7.024822831153869629e-01
2.377060353755950928e-01
2.532772719860076904e-01
2.855139970779418945e-01
2.529975473880767822e-01
-4.860204458236694336e-01
5.711031705141067505e-02
3.987688124179840088e-01
7.549943402409553528e-03
-2.039369493722915649e-01
-1.842086315155029297e-01
-1.092223599553108215e-01
-1.280986815690994263e-01
-5.532465130090713501e-02
-1.290830522775650024e-01
-4.708275794982910156e-01
-4.410087168216705322e-01
-3.422618806362152100e-01
-4.506338536739349365e-01
-2.077399641275405884e-01
3.034029304981231689e-01
-3.167742490768432617e-01
-2.039684653282165527e-01
3.780796825885772705e-01
-7.051810622215270996e-01
8.722703158855438232e-02
1.025869920849800110e-01
1.299567222595214844e-01
-1.166786700487136841e-01
5.583304166793823242e-01
3.731445670127868652e-01
-1.532521396875381470e-01
-3.527260199189186096e-02
-6.257489323616027832e-01
2.648114562034606934e-01
6.127724051475524902e-01
-1.814472675323486328e-01
-2.948887646198272705e-01
-4.380864500999450684e-01
1.517189573496580124e-02
7.922649383544921875e-01
-4.273499846458435059e-01
-3.533504307270050049e-01
6.855034735053777695e-03
-1.174741834402084351e-01
-3.076232969760894775e-01
-3.795183300971984863e-01
-1.220281347632408142e-01
2.197663933038711548e-01
4.891195893287658691e-01
-2.920615114271640778e-02
6.736268848180770874e-02
-5.178459286689758301e-01
-3.768106698989868164e-01
3.827736973762512207e-01
1.726182699203491211e-01
9.234163761138916016e-01
-3.798639029264450073e-02
-2.990243732929229736e-01
2.523438930511474609e-01
4.570537060499191284e-02
3.444345593452453613e-01
3.174211680889129639e-01
1.717904806137084961e-01
-7.421945333480834961e-01
1.435036510229110718e-01
1.767863929271697998e-01
-1.695205271244049072e-01
1.264600902795791626e-01
-1.946445256471633911e-01
-5.595533251762390137e-01
-6.276196241378784180e-01
-3.557732403278350830e-01
-9.659251570701599121e-02
