2.487743943929672241e-01
9.745104610919952393e-02
5.969863012433052063e-02
1.726857423782348633e-01
-1.085688173770904541e-01
2.777421176433563232e-01
-1.745077222585678101e-01
-9.286028891801834106e-02
-3.149387836456298828e-01
2.031703246757388115e-03
-2.163486033678054810e-01
-4.534787498414516449e-03
-3.714507520198822021e-01
-4.623612463474273682e-01
2.202883660793304443e-01
3.509394824504852295e-03
-4.844657331705093384e-02
2.900927364826202393e-01
-3.245019912719726562e-01
8.522799611091613770e-02
-2.595320045948028564e-01
-1.957204639911651611e-01
3.010325431823730469e-01
2.467804700136184692e-01
-4.197652041912078857e-01
-2.833507955074310303e-01
-2.445715665817260742e-01
2.155676335096359253e-01
-9.947255253791809082e-02
-3.439050316810607910e-01
-7.546557188034057617e-01
2.548630535602569580e-01
-3.019220530986785889e-01
2.039233446121215820e-01
-5.710563659667968750e-01
-4.540021121501922607e-01
1.087395590730011463e-03
6.971840858459472656e-01
2.857746183872222900e-01
-2.633607983589172363e-01
4.411745667457580566e-01
2.195465117692947388e-01
-7.603935003280639648e-01
1.319097727537155151e-01
-2.322797477245330811e-02
-3.897787034511566162e-01
-3.246490955352783203e-01
-4.298236370086669922e-01
-1.764798909425735474e-01
-5.512419342994689941e-01
3.734678626060485840e-01
4.297103360295295715e-02
3.378316760063171387e-01
4.271009564399719238e-01
9.359118342399597168e-01
5.201429128646850586e-01
7.953131198883056641e-02
-1.673343330621719360e-01
-1.286140680313110352e-01
-1.718310713768005371e-01
-7.523600757122039795e-02
-8.829008042812347412e-02
3.665230870246887207e-01
1.207011342048645020e-01
-6.625266373157501221e-02
2.615049108862876892e-02
1.325501203536987305e-01
2.644684165716171265e-02
-1.744187064468860626e-02
-4.377197921276092529e-01
-6.273753941059112549e-02
-1.946656405925750732e-01
-6.121600866317749023e-01
-7.135991007089614868e-02
-2.928470075130462646e-02
-1.485059410333633423e-01
-1.607195138931274414e-01
-7.084144651889801025e-02
-3.465737998485565186e-01
7.975976467132568359e-01
-1.111102327704429626e-01
3.426613211631774902e-01
5.069255828857421875e-01
1.055599749088287354e-02
3.410591930150985718e-02
1.066916212439537048e-01
7.734675407409667969e-01
-4.440504014492034912e-01
2.321128547191619873e-01
6.794902086257934570e-01
-3.766981661319732666e-01
-4.781757891178131104e-01
1.250645220279693604e-01
-5.120987892150878906e-01
4.763848707079887390e-02
1.119130626320838928e-01
-6.606848239898681641e-01
-1.423108279705047607e-01
-4.211581647396087646e-01
-2.083950489759445190e-02
-3.889165222644805908e-01
1.251667588949203491e-01
3.145263493061065674e-01
8.631733059883117676e-02
-2.316061221063137054e-02
-2.624670229852199554e-02
2.214190661907196045e-01
2.623818442225456238e-02
-1.727353408932685852e-02
-6.736606955528259277e-01
3.630802333354949951e-01
-1.227634027600288391e-01
3.043271899223327637e-01
6.007407307624816895e-01
-3.951430022716522217e-01
1.715679019689559937e-01
-7.952708750963211060e-02
2.551454007625579834e-01
-1.472085565328598022e-01
6.797580420970916748e-02
-6.575279235839843750e-01
-2.851170897483825684e-01
-3.378133177757263184e-01
2.950328886508941650e-01
-4.790322184562683105e-01
-1.135284304618835449e-01
-2.566596306860446930e-02
-2.443772703409194946e-01
