-4.000713676214218140e-02
1.894527524709701538e-01
-1.122212782502174377e-01
-4.777176380157470703e-01
-1.985529437661170959e-02
-5.900620818138122559e-01
3.035224676132202148e-01
7.158851027488708496e-01
-7.079501748085021973e-01
1.152722463011741638e-01
6.826730445027351379e-03
1.943920850753784180e-01
-9.744312763214111328e-01
-5.293942689895629883e-01
1.054016351699829102e+00
3.065106570720672607e-01
-2.299585491418838501e-01
8.980543911457061768e-02
-2.528583407402038574e-01
1.105918735265731812e-01
7.226253747940063477e-01
-2.185490578413009644e-01
6.903255730867385864e-02
-2.609130442142486572e-01
-6.766216754913330078e-01
-3.194591030478477478e-02
-3.208862841129302979e-01
-1.717857718467712402e-01
4.908592402935028076e-01
-3.614957332611083984e-01
-1.115678310394287109e+00
-3.752385377883911133e-01
-3.679095208644866943e-01
-1.495018303394317627e-01
-1.997733861207962036e-01
7.748323027044534683e-03
-1.076248288154602051e-01
-2.536435127258300781e-01
9.709858894348144531e-02
-1.040152274072170258e-02
2.260999195277690887e-02
-2.199115157127380371e-01
-8.610938191413879395e-01
-2.048393636941909790e-01
1.789152808487415314e-02
-9.596249461174011230e-02
6.587272882461547852e-01
-4.805413484573364258e-01
-4.114024713635444641e-02
6.679174304008483887e-01
-5.454084277153015137e-01
2.207553386688232422e-02
-3.767394423484802246e-01
-6.811737418174743652e-01
-3.346034884452819824e-01
9.050840139389038086e-01
8.029282689094543457e-01
5.285789966583251953e-01
4.444657266139984131e-01
-1.937448531389236450e-01
-1.316622793674468994e-01
-2.905557490885257721e-02
2.240100502967834473e-01
5.332393944263458252e-02
5.623969808220863342e-02
2.899102270603179932e-01
1.569777280092239380e-01
1.776593625545501709e-01
5.150012373924255371e-01
-3.370668590068817139e-01
-2.496187388896942139e-01
-7.098445296287536621e-01
-2.198795229196548462e-01
-9.177847951650619507e-02
-4.256559014320373535e-01
-3.769776523113250732e-01
-9.371672570705413818e-02
-5.355890840291976929e-02
2.754487693309783936e-01
1.742148399353027344e-02
1.250473558902740479e-01
2.200213521718978882e-01
-3.259263336658477783e-01
2.958508133888244629e-01
-1.152666434645652771e-01
-3.810008764266967773e-01
5.877225995063781738e-01
7.357443571090698242e-01
4.045941308140754700e-02
1.873109936714172363e-01
3.137710392475128174e-01
-8.304336071014404297e-01
6.983825564384460449e-02
1.353376358747482300e-01
-2.077558040618896484e-01
-4.401917457580566406e-01
4.313845932483673096e-01
-1.461610049009323120e-01
-9.658658504486083984e-02
-1.482296884059906006e-01
-1.234899044036865234e+00
2.406121343374252319e-01
1.126021504402160645e+00
3.406379818916320801e-01
1.400687843561172485e-01
3.703037500381469727e-01
-4.333680868148803711e-01
-3.935913145542144775e-01
4.353764355182647705e-01
2.739535570144653320e-01
-9.974758327007293701e-02
-6.441789865493774414e-01
-1.653843224048614502e-01
6.303890347480773926e-01
-4.761699140071868896e-01
5.588285923004150391e-01
-2.949522435665130615e-01
-1.487969011068344116e-01
4.451474249362945557e-01
5.913119912147521973e-01
-3.537575006484985352e-01
-3.668819069862365723e-01
-5.976775288581848145e-01
-1.157064661383628845e-01
-6.552473902702331543e-01
-3.663350939750671387e-01
-1.742179691791534424e-01
-5.256900787353515625e-01
