-1.213244646787643433e-01
-9.509931802749633789e-01
1.291895806789398193e-01
-7.490865588188171387e-01
-3.326922953128814697e-01
-3.308655619621276855e-01
-1.984829753637313843e-01
-3.031261265277862549e-02
5.632072687149047852e-01
6.049475073814392090e-01
-1.752685010433197021e-01
-1.455976665019989014e-01
3.125907182693481445e-01
-5.216530337929725647e-02
6.792802214622497559e-01
1.434658288955688477e+00
-5.913882255554199219e-01
8.176265358924865723e-01
-1.354117691516876221e-01
7.337561249732971191e-01
2.275048345327377319e-01
-3.630088567733764648e-01
-3.340699076652526855e-01
3.375814482569694519e-02
-7.102144956588745117e-01
3.108860850334167480e-01
-3.536505997180938721e-01
3.353631794452667236e-01
7.611494660377502441e-01
-1.568873077630996704e-01
1.309926062822341919e-01
-1.121455356478691101e-01
5.952928215265274048e-03
4.202067479491233826e-02
2.415003068745136261e-02
-4.904968142509460449e-01
-3.984759151935577393e-01
-1.105568557977676392e-01
2.722394168376922607e-01
3.407320752739906311e-02
-6.485266685485839844e-01
-8.695952594280242920e-02
-8.165575861930847168e-01
-9.724029153585433960e-02
6.408792734146118164e-01
7.003239542245864868e-02
9.077662229537963867e-01
-1.064965650439262390e-01
-1.360484659671783447e-01
-7.707242667675018311e-02
-1.511296480894088745e-01
-1.440770775079727173e-01
7.165645360946655273e-01
-1.342746019363403320e-01
6.724270582199096680e-01
4.912608861923217773e-01
6.564081907272338867e-01
1.103646397590637207e+00
2.507447004318237305e-01
-6.398162245750427246e-02
-2.567729353904724121e-01
-1.173489838838577271e-01
3.260478973388671875e-01
8.127996325492858887e-01
-4.492045342922210693e-01
1.253319531679153442e-01
-6.543028354644775391e-01
6.225261092185974121e-01
4.979569315910339355e-01
-3.491417467594146729e-01
-5.234389901161193848e-01
-5.366700887680053711e-01
3.489682376384735107e-01
-5.896110832691192627e-02
-5.008437633514404297e-01
-5.095217823982238770e-01
1.285959333181381226e-01
3.035307824611663818e-01
-7.697523236274719238e-01
4.473867714405059814e-01
4.188247621059417725e-01
-3.636975288391113281e-01
4.858032464981079102e-01
-7.104711234569549561e-02
6.327981948852539062e-01
-4.004761278629302979e-01
9.122799336910247803e-02
-5.809376239776611328e-01
7.239850163459777832e-01
-2.822322249412536621e-01
4.616050422191619873e-01
-6.637206673622131348e-01
-2.312036752700805664e-01
-8.665950894355773926e-01
1.139323487877845764e-01
-4.879620075225830078e-01
8.834295868873596191e-01
-6.206039190292358398e-01
2.313439995050430298e-01
-6.304155588150024414e-01
-2.410499304533004761e-01
1.271974854171276093e-02
6.768963932991027832e-01
-1.659595817327499390e-01
-4.695002436637878418e-01
8.624638915061950684e-01
-6.123897433280944824e-01
-1.943414807319641113e-01
1.622728556394577026e-01
-4.439795315265655518e-01
-2.982454001903533936e-01
2.321013063192367554e-01
-6.632344126701354980e-01
4.581655263900756836e-01
2.710517048835754395e-01
-3.022511005401611328e-01
-2.373252362012863159e-01
-2.185015380382537842e-01
9.092723131179809570e-01
6.591858863830566406e-01
-9.447512626647949219e-01
7.119848579168319702e-02
3.463812172412872314e-01
-2.823732234537601471e-02
-4.054112732410430908e-01
2.822456061840057373e-01
6.288244128227233887e-01
-1.336090445518493652e+00
