1.433105915784835815e-01
5.184300243854522705e-03
-2.029354423284530640e-01
-6.688045859336853027e-01
9.574887156486511230e-02
4.954968462698161602e-04
-7.457597255706787109e-01
-2.071890085935592651e-01
-1.537298321723937988e+00
1.632612347602844238e-01
-7.217553257942199707e-01
-3.545150160789489746e-01
-7.284805923700332642e-02
-8.400584459304809570e-01
2.598834633827209473e-01
1.133491516113281250e+00
-9.874204397201538086e-01
4.707385301589965820e-01
1.548923552036285400e-01
9.131789207458496094e-01
2.405216544866561890e-01
-7.568450570106506348e-01
1.059259623289108276e-01
-4.019107520580291748e-01
-9.947736263275146484e-01
4.863905906677246094e-01
-8.489188551902770996e-01
-6.445286870002746582e-01
6.194226145744323730e-01
1.255858242511749268e-01
2.467024177312850952e-01
-7.316735982894897461e-01
-7.121053338050842285e-01
6.856127381324768066e-01
-6.035772562026977539e-01
-1.932596564292907715e-01
2.472173422574996948e-01
2.047408372163772583e-01
3.305925130844116211e-01
2.887097597122192383e-01
-9.825580716133117676e-01
-1.552076786756515503e-01
-1.088951826095581055e+00
-4.803437292575836182e-01
2.217251360416412354e-01
-1.836033016443252563e-01
2.969513237476348877e-01
1.002300605177879333e-01
8.538812398910522461e-02
-6.521239876747131348e-02
4.016623198986053467e-01
-4.024760723114013672e-01
5.282848477363586426e-01
3.992673754692077637e-01
-5.005168914794921875e-01
1.154135465621948242e-01
1.150522708892822266e+00
-4.747871160507202148e-01
3.515520393848419189e-01
-3.906064629554748535e-01
-2.946722209453582764e-01
-1.543578356504440308e-01
6.518936902284622192e-02
1.195991277694702148e+00
6.546538472175598145e-01
-4.377604424953460693e-01
-4.266307651996612549e-01
7.670203447341918945e-01
6.555861979722976685e-02
-1.868853718042373657e-01
6.915362477302551270e-01
-1.799788326025009155e-02
-1.158249855041503906e+00
1.745225489139556885e-01
-4.808046519756317139e-01
-6.799743771553039551e-01
-2.085215002298355103e-01
-4.786843061447143555e-02
-6.582680344581604004e-01
-4.867579042911529541e-01
4.976145625114440918e-01
-2.659601271152496338e-01
-5.248223543167114258e-01
-2.360012941062450409e-02
-6.627451777458190918e-01
2.340449690818786621e-01
7.950859665870666504e-01
-4.408030211925506592e-02
8.143268823623657227e-01
5.209853053092956543e-01
1.546509712934494019e-01
-6.642469763755798340e-01
3.412666320800781250e-01
4.760484695434570312e-01
4.205360710620880127e-01
5.513299107551574707e-01
2.642869949340820312e-01
2.994269430637359619e-01
3.436912000179290771e-01
-4.189316555857658386e-02
-9.291239976882934570e-01
1.118664383888244629e+00
7.198149561882019043e-01
5.992645621299743652e-01
-4.569672346115112305e-01
1.802085787057876587e-01
-2.340648472309112549e-01
-2.258317768573760986e-01
3.569898009300231934e-01
1.141278147697448730e+00
4.621870517730712891e-01
-3.696413636207580566e-01
-3.982979357242584229e-01
7.934305071830749512e-01
-1.710113734006881714e-01
3.200543522834777832e-01
-2.857953310012817383e-01
-3.792713582515716553e-01
2.579668164253234863e-01
3.518710434436798096e-01
-4.252143502235412598e-01
-2.834733575582504272e-02
-2.537616193294525146e-01
-4.411300122737884521e-01
-4.345934092998504639e-01
-1.230838179588317871e+00
-2.344508171081542969e-01
-6.657823175191879272e-02
