1.067471951246261597e-01
4.043883085250854492e-01
-5.937151610851287842e-02
-9.605962634086608887e-01
2.240408658981323242e-01
1.787756234407424927e-01
5.057938024401664734e-02
1.023570224642753601e-01
1.901873201131820679e-02
-5.954610705375671387e-01
-3.652084171772003174e-01
4.043050110340118408e-01
-1.072297543287277222e-01
-1.684982776641845703e-01
4.204280078411102295e-01
8.105043768882751465e-01
-6.565268635749816895e-01
5.496776700019836426e-01
1.032007634639739990e-01
1.413634419441223145e-01
2.029191702604293823e-01
1.409726887941360474e-01
-6.448191404342651367e-01
1.493408903479576111e-02
-4.834167659282684326e-01
3.575011789798736572e-01
-2.279991805553436279e-01
-2.679447829723358154e-01
-1.079685911536216736e-01
-5.067583322525024414e-01
-9.188783913850784302e-02
-2.479481995105743408e-01
-8.834258317947387695e-01
5.722384154796600342e-02
-5.123470425605773926e-01
-5.041539072990417480e-01
-2.345987558364868164e-01
7.206799983978271484e-01
-1.346690654754638672e-01
-2.434876263141632080e-01
-8.018954843282699585e-02
3.181515336036682129e-01
-2.386830747127532959e-01
2.301638424396514893e-01
1.015752926468849182e-01
4.492250978946685791e-01
1.463607549667358398e-01
3.660624623298645020e-01
1.118758171796798706e-01
-1.525422781705856323e-01
4.475219845771789551e-01
1.306942105293273926e-01
5.092390775680541992e-01
4.688463807106018066e-01
1.204528331756591797e+00
5.120561122894287109e-01
3.195390105247497559e-01
6.053506135940551758e-01
8.831003308296203613e-01
-3.960142731666564941e-01
-1.413236260414123535e-01
3.608301281929016113e-01
-1.654769927263259888e-01
2.349142581224441528e-01
-6.780989766120910645e-01
1.042979806661605835e-01
2.138021215796470642e-02
-1.134283170104026794e-01
6.646656244993209839e-02
-1.729290336370468140e-01
-3.112180233001708984e-01
-3.634678423404693604e-01
-2.794418036937713623e-01
-2.921200916171073914e-02
-6.631682068109512329e-02
-1.662893444299697876e-01
1.785118281841278076e-01
6.086208671331405640e-02
-2.520985901355743408e-01
1.527519077062606812e-01
-2.830442786216735840e-01
-5.226659774780273438e-01
4.499678611755371094e-01
5.972402691841125488e-01
5.131267905235290527e-01
1.525014191865921021e-01
2.591230273246765137e-01
-7.300917059183120728e-03
1.055082678794860840e+00
-2.362267374992370605e-01
3.432320803403854370e-02
-1.239110708236694336e+00
-2.311449870467185974e-02
-8.675348013639450073e-02
-2.395542412996292114e-01
-4.464346468448638916e-01
1.664115935564041138e-01
-4.828607439994812012e-01
5.094435811042785645e-01
-5.270676016807556152e-01
4.081758856773376465e-02
2.647309899330139160e-01
4.177833795547485352e-01
-5.693769548088312149e-03
-9.697467088699340820e-02
9.441508352756500244e-02
-2.072102129459381104e-01
-2.195870280265808105e-01
4.122728109359741211e-01
-8.392611145973205566e-02
1.548491120338439941e-01
-1.685237586498260498e-01
-9.264143183827400208e-03
-1.641356647014617920e-01
-5.120913982391357422e-01
-1.611601263284683228e-01
-1.657084673643112183e-01
-9.407312273979187012e-01
3.830627202987670898e-01
6.576815843582153320e-01
-1.634748220443725586e+00
-4.375680685043334961e-01
3.010167479515075684e-01
-2.343460768461227417e-01
1.251827031373977661e-01
2.793970704078674316e-01
-1.825452297925949097e-01
-9.171701073646545410e-01
