-4.817720875144004822e-02
-3.238826692104339600e-01
3.536873161792755127e-01
-4.941273927688598633e-01
-1.598576307296752930e-01
1.783254742622375488e-01
-7.888846844434738159e-02
-5.298360064625740051e-02
-1.589149609208106995e-02
1.611258834600448608e-01
-4.931726306676864624e-02
-3.862831592559814453e-01
-1.830214858055114746e-01
-1.613329946994781494e-01
-1.936531066894531250e-01
-4.252334535121917725e-01
-1.568199247121810913e-01
3.205174207687377930e-01
-2.955593764781951904e-01
-3.959629833698272705e-01
-9.883555769920349121e-02
4.392468035221099854e-01
4.652326107025146484e-01
-1.827211529016494751e-01
-3.263257145881652832e-01
3.415561914443969727e-01
-1.826011538505554199e-01
4.965706542134284973e-02
-4.317933320999145508e-01
-5.022966116666793823e-02
-2.547298073768615723e-01
-2.365867495536804199e-01
-2.465666234493255615e-01
2.503549754619598389e-01
-1.721657365560531616e-01
-3.151936829090118408e-01
-2.250851988792419434e-01
7.235954403877258301e-01
4.723467826843261719e-01
-2.457715421915054321e-01
3.132592737674713135e-01
2.706089317798614502e-01
-4.515044987201690674e-01
-8.541578054428100586e-02
1.828364282846450806e-01
3.164413869380950928e-01
1.092762425541877747e-01
-4.235966205596923828e-01
1.814212352037429810e-01
-3.777486458420753479e-02
9.315073490142822266e-02
7.457593083381652832e-02
4.386311471462249756e-01
3.541901707649230957e-02
3.515065312385559082e-01
1.737091392278671265e-01
6.079649925231933594e-01
-3.943808376789093018e-02
1.562303900718688965e-01
1.679645292460918427e-02
-1.341822892427444458e-01
-1.349001228809356689e-01
6.681111454963684082e-02
-1.022673398256301880e-01
3.657901585102081299e-01
-3.172690793871879578e-02
-5.211643502116203308e-02
1.082861572504043579e-01
1.784331798553466797e-01
-1.502857357263565063e-01
2.174919545650482178e-01
-3.498766198754310608e-02
-4.507733583450317383e-01
-2.482341229915618896e-01
-4.964858591556549072e-01
3.108851052820682526e-02
-1.388360708951950073e-01
4.134587049484252930e-01
-1.495554149150848389e-01
7.210063338279724121e-01
1.472306717187166214e-02
-1.055404841899871826e-01
2.117585688829421997e-01
-4.945332556962966919e-02
5.672040581703186035e-01
-1.418175455182790756e-02
7.065294384956359863e-01
-4.397072494029998779e-01
3.588086366653442383e-01
5.113830566406250000e-01
-1.900277882814407349e-01
-4.428146481513977051e-01
-1.628544479608535767e-01
1.153416559100151062e-01
4.866198599338531494e-01
2.332931607961654663e-01
-3.502607047557830811e-01
-9.550386667251586914e-01
-4.601950645446777344e-01
-4.039570093154907227e-01
5.002252385020256042e-02
1.280247122049331665e-01
6.007485389709472656e-01
9.126242250204086304e-02
1.003029793500900269e-01
-3.548648655414581299e-01
-3.678664267063140869e-01
-2.643382549285888672e-01
-1.122473254799842834e-01
-3.543279692530632019e-02
1.425899565219879150e-01
-3.778257071971893311e-01
4.279190301895141602e-01
2.038414776325225830e-01
1.421498358249664307e-01
-1.711518019437789917e-01
-3.699829876422882080e-01
5.463350415229797363e-01
5.664924383163452148e-01
5.121644735336303711e-01
-5.230827927589416504e-01
-8.094480633735656738e-02
4.088405966758728027e-01
2.383330315351486206e-01
1.224403679370880127e-01
-3.065442852675914764e-02
7.643182575702667236e-02
-8.626644499599933624e-03
