6.517363786697387695e-01
-8.038140088319778442e-02
4.276831150054931641e-01
-5.659999251365661621e-01
7.809593528509140015e-02
-1.692469120025634766e-01
2.724814414978027344e-01
4.825695157051086426e-01
7.112858295440673828e-01
4.534228742122650146e-01
7.020647525787353516e-01
-3.800445795059204102e-02
1.213847696781158447e-01
6.862387061119079590e-02
8.052776455879211426e-01
-5.383597314357757568e-02
-3.115826547145843506e-01
-4.312853813171386719e-01
-2.617137134075164795e-01
1.809941083192825317e-01
-2.152891010046005249e-01
-2.611120641231536865e-01
-3.080845773220062256e-01
-2.336136102676391602e-01
-4.015290364623069763e-02
4.196956455707550049e-01
4.536584615707397461e-01
5.158554762601852417e-02
-1.619880795478820801e-01
5.254901200532913208e-02
-4.150902926921844482e-01
-8.640704154968261719e-01
-9.359060972929000854e-02
2.801625430583953857e-02
1.205015704035758972e-01
-3.483333587646484375e-01
-5.694638565182685852e-02
1.104744672775268555e-01
5.723853111267089844e-01
2.784861624240875244e-01
-7.659512013196945190e-02
2.660095393657684326e-01
-5.643817186355590820e-01
-3.586135208606719971e-01
2.605474591255187988e-01
-2.173949927091598511e-01
3.131478130817413330e-01
8.041091263294219971e-02
-3.615289032459259033e-01
-4.067942202091217041e-01
3.074051439762115479e-01
-1.952697485685348511e-01
3.020730018615722656e-01
1.798622161149978638e-01
3.689573109149932861e-01
-6.121094226837158203e-01
3.653840422630310059e-01
4.854050576686859131e-01
2.055187374353408813e-01
-2.107886821031570435e-01
-2.004399597644805908e-01
2.324260622262954712e-01
1.412928700447082520e-01
-4.754753038287162781e-02
2.123340070247650146e-01
-1.079378724098205566e+00
-2.702802717685699463e-01
3.855441510677337646e-01
5.470980405807495117e-01
-6.097450852394104004e-01
6.973606348037719727e-02
-2.486091256141662598e-01
1.057560518383979797e-01
-2.023925073444843292e-02
2.161504141986370087e-02
-1.417105048894882202e-01
4.594458043575286865e-01
-1.521588210016489029e-02
-3.471721410751342773e-01
1.940682232379913330e-01
1.460266560316085815e-01
-1.286827325820922852e-01
2.921329438686370850e-01
3.932971358299255371e-01
3.071801066398620605e-01
4.148013889789581299e-02
3.835555315017700195e-01
-2.128519713878631592e-01
-2.488646060228347778e-01
4.251383543014526367e-01
-2.850354015827178955e-01
-5.868002772331237793e-01
3.032948262989521027e-02
6.578949093818664551e-02
8.734878152608871460e-02
3.269467055797576904e-01
4.541866779327392578e-01
3.128812611103057861e-01
-1.542059481143951416e-01
-3.001939654350280762e-01
-5.383809804916381836e-01
-3.175022825598716736e-02
3.298368752002716064e-01
-1.912201792001724243e-01
-7.425953745841979980e-01
2.832029759883880615e-01
-2.970704436302185059e-01
9.342429228127002716e-03
4.986149966716766357e-01
-5.664771795272827148e-01
7.997633218765258789e-01
3.069695532321929932e-01
-4.307416379451751709e-01
3.812584578990936279e-01
2.327376157045364380e-01
2.021883130073547363e-01
9.759724885225296021e-02
3.728754445910453796e-02
3.445447087287902832e-01
3.255136907100677490e-01
-2.825773954391479492e-01
-4.812311828136444092e-01
2.739882767200469971e-01
4.034504890441894531e-01
-1.699587702751159668e-01
3.912195861339569092e-01
4.538340568542480469e-01
4.514951258897781372e-02
