1.768083572387695312e-01
-4.466628730297088623e-01
2.240892946720123291e-01
3.067685961723327637e-01
-4.533889144659042358e-02
-4.055656492710113525e-01
1.843412965536117554e-02
3.839285969734191895e-01
-1.492184586822986603e-02
7.007113099098205566e-02
-1.092704534530639648e-01
-3.251675963401794434e-01
3.811570629477500916e-02
-2.825493812561035156e-01
7.209835648536682129e-01
-6.038574576377868652e-01
-5.517519116401672363e-01
4.095370471477508545e-01
3.344730436801910400e-01
-3.422464430332183838e-02
6.056888774037361145e-02
-7.070949077606201172e-01
-7.384547591209411621e-02
-2.726782262325286865e-01
-8.129107952117919922e-01
-1.480698883533477783e-01
2.800310254096984863e-01
-6.054466962814331055e-01
-1.605643481016159058e-01
2.518429756164550781e-01
-1.908833682537078857e-01
2.957130074501037598e-01
-1.985101103782653809e-01
7.024428248405456543e-01
-3.013353645801544189e-01
1.632785052061080933e-01
-8.096673525869846344e-03
1.229642152786254883e+00
5.182451605796813965e-01
6.407459378242492676e-01
7.011227309703826904e-02
-9.885815531015396118e-02
-1.023619100451469421e-01
1.258070468902587891e-01
-1.467035412788391113e-01
-3.979558050632476807e-01
-4.531579613685607910e-01
-3.313961625099182129e-01
1.318037658929824829e-01
1.108199506998062134e-01
1.898170560598373413e-01
8.618004918098449707e-01
1.470892410725355148e-02
3.043896257877349854e-01
5.605540275573730469e-01
5.713365674018859863e-01
5.624737143516540527e-01
2.216226458549499512e-01
4.625486582517623901e-02
-1.939994245767593384e-01
2.738807201385498047e-01
3.578363656997680664e-01
-4.238504543900489807e-02
-4.846763014793395996e-01
-1.948748528957366943e-01
1.279896646738052368e-01
-4.280259013175964355e-01
3.342367708683013916e-01
5.895621776580810547e-01
-3.176099434494972229e-02
-2.351152477785944939e-03
-3.291130959987640381e-01
-3.051722049713134766e-01
-3.075199425220489502e-01
6.322920322418212891e-01
-1.497748345136642456e-01
1.481132954359054565e-01
-2.483661770820617676e-01
-3.561707213521003723e-02
3.122460842132568359e-01
5.390353202819824219e-01
-2.778685688972473145e-01
3.286023736000061035e-01
8.246685862541198730e-01
-1.853658631443977356e-02
-8.624439686536788940e-02
1.123418956995010376e-01
-5.232145786285400391e-01
3.150390386581420898e-01
3.538599610328674316e-01
-5.020903348922729492e-01
6.944923847913742065e-02
3.096611797809600830e-01
8.424150943756103516e-02
8.658077716827392578e-01
-4.613023996353149414e-01
-3.873696327209472656e-01
-4.642115235328674316e-01
-8.525216579437255859e-02
9.793915599584579468e-02
-6.327919363975524902e-01
2.573591470718383789e-01
6.372808218002319336e-01
1.502970606088638306e-01
2.127285301685333252e-01
-1.967512667179107666e-01
-3.697604238986968994e-01
2.571021616458892822e-01
2.475849241018295288e-01
-4.779592752456665039e-01
-3.637023270130157471e-01
-1.846786886453628540e-01
-9.452689439058303833e-03
1.184198483824729919e-01
-4.492833614349365234e-01
3.752523064613342285e-01
-1.405602842569351196e-01
2.067212462425231934e-01
-1.269766595214605331e-02
5.776998400688171387e-01
1.139081045985221863e-01
2.937208116054534912e-01
5.488574877381324768e-02
2.212520986795425415e-01
-5.016433000564575195e-01
-5.649698972702026367e-01
-2.187797427177429199e-01
-9.231621772050857544e-02
