1.539598405361175537e-01
-1.373865902423858643e-01
2.622967958450317383e-01
-6.755008548498153687e-02
-7.873036712408065796e-02
-4.179367423057556152e-02
-1.930650621652603149e-01
2.452076524496078491e-01
-1.234047338366508484e-01
-2.676088809967041016e-01
2.897742092609405518e-01
-4.520107805728912354e-02
-3.940687179565429688e-01
-5.909533356316387653e-04
-2.572718076407909393e-02
-2.771015465259552002e-01
5.732268840074539185e-02
2.079579532146453857e-01
9.651651978492736816e-02
-7.316654920578002930e-02
1.209573522210121155e-01
8.618371933698654175e-02
1.100376844406127930e-01
2.664524316787719727e-01
-4.882350862026214600e-01
4.449985176324844360e-02
5.054661035537719727e-01
-6.815694272518157959e-02
-3.921050578355789185e-02
-7.964860647916793823e-02
-2.166765779256820679e-01
-5.775271058082580566e-01
2.421488612890243530e-02
-2.300940006971359253e-01
6.707837432622909546e-02
-4.044142663478851318e-01
1.763014048337936401e-01
2.952409386634826660e-01
4.500022828578948975e-01
-2.329450845718383789e-01
-8.265253156423568726e-03
2.779497206211090088e-01
-1.362123489379882812e-01
2.038343846797943115e-01
9.959086775779724121e-02
2.415135949850082397e-01
1.246204823255538940e-01
-4.958180785179138184e-01
-9.570692479610443115e-02
-2.371081858873367310e-01
4.733299911022186279e-01
1.193602979183197021e-01
2.199879288673400879e-01
-1.005782559514045715e-01
3.092152476310729980e-01
8.181179165840148926e-01
1.182315871119499207e-01
1.033506616950035095e-01
1.167002394795417786e-01
-8.852541446685791016e-02
2.273004204034805298e-01
2.925795614719390869e-01
3.168636560440063477e-01
-2.125954031944274902e-01
-4.065124318003654480e-02
2.313048951327800751e-02
-1.525875704828649759e-04
-3.376119434833526611e-01
2.103445380926132202e-01
-4.895410835742950439e-01
-6.807768344879150391e-02
-2.299693971872329712e-02
-1.350566558539867401e-02
-3.209540247917175293e-01
-1.108684092760086060e-01
-2.495739012956619263e-01
9.532322734594345093e-02
3.034815192222595215e-01
6.163898855447769165e-03
3.316394984722137451e-01
-1.325501129031181335e-02
-6.788847595453262329e-02
-3.136597201228141785e-02
3.718642592430114746e-01
2.597569227218627930e-01
1.180990934371948242e-01
6.707276701927185059e-01
-2.984425127506256104e-01
2.351634353399276733e-01
4.530892670154571533e-01
-2.157542258501052856e-01
-1.325847767293453217e-02
-1.468126773834228516e-01
-2.987632155418395996e-01
3.039154112339019775e-01
-4.281750321388244629e-01
-3.331730067729949951e-01
-2.052051573991775513e-01
-1.046954561024904251e-02
-9.623295068740844727e-02
-1.942837387323379517e-01
1.021259836852550507e-02
3.855106532573699951e-01
-1.253788769245147705e-01
-1.417121887207031250e-01
-6.402130424976348877e-02
3.992672264575958252e-02
-2.627512216567993164e-01
3.032739758491516113e-01
-4.263216257095336914e-01
1.110723838210105896e-01
8.568435907363891602e-02
-2.798500098288059235e-02
4.178190827369689941e-01
-1.121131554245948792e-01
-8.670178055763244629e-02
-1.180996373295783997e-01
-6.744263321161270142e-02
1.556254327297210693e-01
5.179748535156250000e-01
-4.377892613410949707e-01
-1.188705638051033020e-01
1.674958467483520508e-01
-2.042324393987655640e-01
-6.391613185405731201e-02
-2.466933727264404297e-01
-2.745756804943084717e-01
-1.619338244199752808e-01
