-1.520959436893463135e-01
7.100950479507446289e-01
4.548105001449584961e-01
-1.069625243544578552e-01
9.376510232686996460e-02
-5.561989545822143555e-01
-1.904360800981521606e-01
4.580126106739044189e-01
-3.672604262828826904e-01
-1.294284164905548096e-01
2.331368327140808105e-01
3.224074244499206543e-01
-4.106295704841613770e-01
-5.050407648086547852e-01
-2.389793694019317627e-01
2.419825047254562378e-01
1.811335561797022820e-03
4.068628251552581787e-01
2.137396335601806641e-01
-1.921994388103485107e-01
-2.164109945297241211e-01
3.058674633502960205e-01
5.898225307464599609e-01
-3.977405130863189697e-01
-3.312746584415435791e-01
-1.977712474763393402e-02
1.978798657655715942e-01
4.346905350685119629e-01
7.345427572727203369e-02
-4.203315079212188721e-02
2.952029407024383545e-01
-1.195968687534332275e-01
-2.983454465866088867e-01
1.479471474885940552e-01
-1.315957307815551758e-01
-1.552563756704330444e-01
-3.090105252340435982e-03
-1.577788144350051880e-01
1.025195047259330750e-01
2.257785201072692871e-01
-6.305079907178878784e-02
9.613580256700515747e-02
1.812923816032707691e-03
2.243377417325973511e-01
4.068404138088226318e-01
5.761845111846923828e-01
1.626153141260147095e-01
-7.279207557439804077e-02
2.939750254154205322e-01
-3.142933249473571777e-01
-3.369567096233367920e-01
-2.134777456521987915e-01
2.305766791105270386e-01
8.683758229017257690e-02
5.582240223884582520e-01
7.049162983894348145e-01
6.988798379898071289e-01
-1.563361380249261856e-03
-3.184792995452880859e-01
-1.754682064056396484e-01
2.538854479789733887e-01
-1.135467141866683960e-01
-4.382419586181640625e-01
3.689664006233215332e-01
1.980073899030685425e-01
-6.801276803016662598e-01
-1.107721030712127686e-02
9.772802889347076416e-02
1.192888990044593811e-01
-7.554637789726257324e-01
1.767421513795852661e-01
-9.173024445772171021e-02
-3.261226713657379150e-01
-1.116077825427055359e-01
2.828786075115203857e-01
-4.916123449802398682e-01
-2.989902198314666748e-01
6.468765139579772949e-01
1.976002901792526245e-01
-1.071067154407501221e-01
8.066909760236740112e-02
-9.912625700235366821e-02
6.652009487152099609e-01
9.694980382919311523e-01
2.734231054782867432e-01
2.089601010084152222e-01
3.440941274166107178e-01
-2.296341359615325928e-01
4.563991352915763855e-02
7.352250069379806519e-02
-3.910899162292480469e-02
-8.845846354961395264e-02
-2.325150519609451294e-01
4.982987046241760254e-01
4.079002737998962402e-01
3.674378991127014160e-02
-1.212017387151718140e-01
-1.250193715095520020e+00
-1.039003878831863403e-01
-6.737507879734039307e-02
-2.120042294263839722e-01
6.069157123565673828e-01
4.338635504245758057e-01
-1.153401806950569153e-01
-3.596072793006896973e-01
1.967329382896423340e-01
-3.281117677688598633e-01
-6.757470369338989258e-01
2.974239587783813477e-01
-6.290076673030853271e-02
7.265570163726806641e-01
-3.493358790874481201e-01
-4.177815839648246765e-02
-4.138274863362312317e-02
-2.506762184202671051e-02
1.526884734630584717e-01
3.933725953102111816e-01
6.696032881736755371e-01
3.897309303283691406e-01
4.968321323394775391e-01
-5.680239796638488770e-01
4.283314645290374756e-01
6.041625738143920898e-01
5.963193178176879883e-01
-2.554841637611389160e-01
-5.274670720100402832e-01
3.337701037526130676e-02
1.213280111551284790e-01
