1.988762766122817993e-01
5.146356821060180664e-01
-3.766958415508270264e-01
-3.124053478240966797e-01
-2.384048253297805786e-01
-4.600186273455619812e-02
2.450884133577346802e-01
6.115262508392333984e-01
-7.345777750015258789e-01
-1.589198857545852661e-01
-2.031041830778121948e-01
3.639616370201110840e-01
-2.708992362022399902e-01
-1.635909080505371094e-01
-3.830279037356376648e-02
-5.972370505332946777e-01
2.708087861537933350e-01
1.598651260137557983e-01
3.190609812736511230e-01
-6.985410302877426147e-02
-2.511580586433410645e-01
2.341504991054534912e-01
3.205037117004394531e-02
-2.300185263156890869e-01
2.367041446268558502e-02
-1.662081480026245117e-01
3.708575367927551270e-01
-1.655476838350296021e-01
1.300242543220520020e-01
-5.049884915351867676e-01
-2.616071701049804688e-01
-5.160316824913024902e-01
-2.217145115137100220e-01
-3.524692729115486145e-02
-4.665660560131072998e-01
-6.119549740105867386e-03
-2.934669852256774902e-01
1.932790875434875488e-01
6.656629443168640137e-01
-3.615351021289825439e-01
-5.537310838699340820e-01
1.546371132135391235e-01
2.221035063266754150e-01
4.155481234192848206e-02
4.710069000720977783e-01
-9.926652908325195312e-02
3.671295344829559326e-01
-7.584168910980224609e-01
2.422419935464859009e-01
-3.552418649196624756e-01
3.959084153175354004e-01
-2.733058929443359375e-01
1.126661539077758789e+00
3.112034685909748077e-02
4.690722823143005371e-01
4.832352399826049805e-01
6.501120924949645996e-01
1.180504262447357178e-01
-5.174412727355957031e-01
-1.797948628664016724e-01
5.146056413650512695e-01
1.954138576984405518e-01
1.795177608728408813e-01
4.990806281566619873e-01
1.158721446990966797e-01
-2.114000469446182251e-01
1.514141112565994263e-01
6.213951110839843750e-01
-2.347915917634963989e-01
-4.864034056663513184e-01
2.518675029277801514e-01
1.972051411867141724e-01
-1.694232225418090820e-01
-2.465919256210327148e-01
3.191717714071273804e-02
2.365782298147678375e-02
3.937654569745063782e-02
2.610427439212799072e-01
4.430662393569946289e-01
1.336036622524261475e-01
3.719982802867889404e-01
-2.532665804028511047e-02
5.518129467964172363e-01
2.917276620864868164e-01
-2.064756350591778755e-03
1.523692533373832703e-02
4.088504612445831299e-01
-1.655801087617874146e-01
1.764527708292007446e-02
2.290474474430084229e-01
2.150305360555648804e-01
1.953279823064804077e-01
-4.679608047008514404e-01
-1.610699445009231567e-01
1.744227260351181030e-01
-9.130225777626037598e-01
1.351418495178222656e-01
-8.745008707046508789e-01
-5.482153594493865967e-02
-1.192580461502075195e-01
-1.828723549842834473e-01
2.370439171791076660e-01
6.464483737945556641e-01
-5.330215692520141602e-01
-4.660180807113647461e-01
-2.760147154331207275e-01
-4.768455773591995239e-02
-4.822733998298645020e-02
3.552950322628021240e-01
3.247818723320960999e-02
3.246563673019409180e-02
1.837064623832702637e-01
-1.624117232859134674e-02
4.434967637062072754e-01
-2.252518832683563232e-01
2.812071740627288818e-01
1.315111517906188965e-01
7.320263236761093140e-02
7.842485308647155762e-01
-1.402674317359924316e-01
-8.478157967329025269e-02
-1.294300109148025513e-01
-2.644354291260242462e-02
6.751341819763183594e-01
1.420559734106063843e-01
-2.606083750724792480e-01
-2.937371730804443359e-01
-6.328653693199157715e-01
