-2.816914319992065430e-01
-7.161730527877807617e-02
-1.303513944149017334e-01
-2.733940482139587402e-01
-1.201308965682983398e-01
-2.623287439346313477e-01
-9.812443703413009644e-02
-7.149186730384826660e-01
-2.671132087707519531e-01
1.898912340402603149e-02
-9.238326549530029297e-02
-4.004301726818084717e-01
-4.058744609355926514e-01
9.923551231622695923e-02
2.303859293460845947e-01
-6.716172099113464355e-01
-6.799698472023010254e-01
4.719155430793762207e-01
-3.662468791007995605e-01
-1.749325394630432129e-01
5.293188095092773438e-01
3.138474524021148682e-01
1.596090793609619141e-01
1.910453438758850098e-01
-8.541426062583923340e-01
-5.381656885147094727e-01
-3.839903175830841064e-01
-5.674401670694351196e-02
-2.623356133699417114e-02
-8.204577863216400146e-02
-7.649031281471252441e-01
2.094313949346542358e-01
-4.184590876102447510e-01
4.026088118553161621e-02
-3.327166736125946045e-01
8.464287221431732178e-02
-2.443834841251373291e-01
1.142048358917236328e+00
-8.632065728306770325e-03
-8.119384944438934326e-02
-1.523869335651397705e-01
6.467128396034240723e-01
-4.551161080598831177e-02
1.701252609491348267e-01
8.932572603225708008e-02
-2.745088338851928711e-01
-2.714841365814208984e-01
8.009002208709716797e-01
8.930233120918273926e-02
-2.282270938158035278e-01
2.867181599140167236e-01
1.376966666430234909e-02
-3.101074397563934326e-01
-2.004107832908630371e-02
1.777247041463851929e-01
-1.674303263425827026e-01
-2.167270034551620483e-01
-3.562996983528137207e-01
1.179579049348831177e-01
-1.811527609825134277e-01
6.606369614601135254e-01
8.306310772895812988e-01
-3.251254558563232422e-02
2.583889365196228027e-01
2.773686945438385010e-01
-2.683418989181518555e-01
-6.467968225479125977e-01
8.630187809467315674e-02
6.614476442337036133e-02
-2.876957058906555176e-01
-8.008435368537902832e-02
2.786516398191452026e-02
-7.430895566940307617e-01
3.557065725326538086e-01
7.018768787384033203e-02
-5.839415192604064941e-01
-4.773516654968261719e-01
5.005862712860107422e-01
-7.836061716079711914e-02
2.858577966690063477e-01
9.371433854103088379e-01
1.809386909008026123e-01
3.583255410194396973e-01
5.613148212432861328e-01
5.626113414764404297e-01
-2.091187089681625366e-01
1.999636739492416382e-01
-3.303838074207305908e-01
1.350035816431045532e-01
-7.264009118080139160e-01
-1.000766083598136902e-01
1.205049976706504822e-01
-2.889178097248077393e-01
7.999617606401443481e-02
5.597254037857055664e-01
-7.033101320266723633e-01
-2.721008658409118652e-01
-6.619420647621154785e-01
-5.008014440536499023e-01
-3.424770236015319824e-01
-8.261935710906982422e-01
2.555244863033294678e-01
2.408387660980224609e-01
-7.869269698858261108e-02
-2.003318220376968384e-01
3.302870094776153564e-01
3.336812257766723633e-01
-2.990294806659221649e-02
-3.114945814013481140e-02
-8.874180912971496582e-01
5.693095326423645020e-01
-2.257378548383712769e-01
-3.350873012095689774e-03
2.331091761589050293e-01
-4.961846172809600830e-01
-4.576340615749359131e-01
2.557503581047058105e-01
5.068034529685974121e-01
7.504960149526596069e-02
4.982069432735443115e-01
-5.595686435699462891e-01
3.738984465599060059e-01
2.425636351108551025e-01
3.523297235369682312e-02
-8.016719818115234375e-01
-5.474233031272888184e-01
-7.722894102334976196e-02
6.288678199052810669e-02
