1.495621800422668457e-01
-1.261098831892013550e-01
5.772691965103149414e-01
1.342249009758234024e-02
-8.140572905540466309e-02
-4.465239644050598145e-01
1.444730348885059357e-02
5.689985305070877075e-02
-1.355952396988868713e-02
-2.737128436565399170e-01
2.239009588956832886e-01
-1.455751806497573853e-01
-8.257891237735748291e-02
-1.041596382856369019e-01
-4.846362769603729248e-02
-1.801347285509109497e-01
1.671567261219024658e-01
-1.016126722097396851e-01
1.035269424319267273e-01
6.108593568205833435e-02
8.190898224711418152e-03
1.156714633107185364e-01
1.828036010265350342e-01
5.106938257813453674e-02
-1.580715626478195190e-01
3.138776719570159912e-01
2.703126966953277588e-01
6.784405559301376343e-02
-5.243453010916709900e-02
-1.857690885663032532e-02
8.942601084709167480e-02
-4.334095716476440430e-01
-4.256217181682586670e-01
1.467712223529815674e-01
-2.172887027263641357e-01
-2.240458428859710693e-01
-2.329283952713012695e-01
2.070101499557495117e-01
7.470780611038208008e-01
-3.118030130863189697e-01
4.253317415714263916e-02
3.387542963027954102e-01
-2.221018373966217041e-01
1.463114935904741287e-02
1.591245383024215698e-01
8.434006571769714355e-02
4.599265158176422119e-01
8.838008344173431396e-02
3.771173954010009766e-02
2.232959717512130737e-01
2.017245590686798096e-01
1.305210292339324951e-01
3.284893631935119629e-01
2.934841811656951904e-01
1.383694410324096680e-01
5.170771479606628418e-01
1.711741685867309570e-01
2.942216992378234863e-01
1.260312944650650024e-01
-4.498475417494773865e-02
8.341796696186065674e-02
-2.084506154060363770e-01
2.112911492586135864e-01
-3.524455130100250244e-01
1.703352183103561401e-01
1.301006507128477097e-02
-4.949424043297767639e-02
1.822263747453689575e-01
4.684037864208221436e-01
1.610630005598068237e-02
1.165655031800270081e-01
-9.770146012306213379e-02
-5.387302041053771973e-01
2.496941946446895599e-02
1.453280001878738403e-01
-2.779989242553710938e-01
1.281847357749938965e-01
2.873364984989166260e-01
-2.470353618264198303e-02
4.660861790180206299e-01
2.089568600058555603e-02
-2.879482209682464600e-01
4.757713973522186279e-01
1.521611660718917847e-01
-6.738894432783126831e-02
9.672883152961730957e-02
6.341942548751831055e-01
-2.091083824634552002e-01
1.162056922912597656e-01
3.700902760028839111e-01
2.328213453292846680e-01
-2.663778662681579590e-01
1.586179584264755249e-01
-7.240141183137893677e-02
4.461004734039306641e-01
-3.180862665176391602e-01
-2.704325914382934570e-01
-2.691403031349182129e-01
-2.402795664966106415e-02
-1.934434920549392700e-01
-2.951590418815612793e-01
1.496616899967193604e-01
4.627509713172912598e-01
-4.209586977958679199e-01
-1.162158139050006866e-02
1.496344506740570068e-01
-1.828584820032119751e-01
-3.021430969238281250e-01
9.105058014392852783e-02
-7.046225070953369141e-01
1.165699097327888012e-03
-1.862789988517761230e-01
1.733836382627487183e-01
3.776902258396148682e-01
-3.349739313125610352e-02
1.442878544330596924e-01
1.619185954332351685e-01
3.987196460366249084e-02
3.075581043958663940e-02
1.509383469820022583e-01
-4.408067464828491211e-01
-2.732284367084503174e-01
2.202419564127922058e-02
-3.692243248224258423e-02
-1.217263638973236084e-01
-3.145616650581359863e-01
-2.845410108566284180e-01
-1.334688067436218262e-01
