8.575081825256347656e-02
4.372448846697807312e-02
4.273687899112701416e-01
-2.938749194145202637e-01
-9.340562671422958374e-02
-1.705810427665710449e-01
5.832778289914131165e-02
4.366278946399688721e-01
-2.419587969779968262e-01
2.116263210773468018e-01
5.245413184165954590e-01
-7.092939922586083412e-04
-5.984829366207122803e-02
-1.924516409635543823e-01
6.002524495124816895e-02
2.556197345256805420e-01
-6.409435868263244629e-01
6.155110895633697510e-02
-5.588052868843078613e-01
-4.215460270643234253e-02
1.131320819258689880e-01
-2.897915244102478027e-01
-3.057502508163452148e-01
-2.711735367774963379e-01
-5.339447259902954102e-01
-2.513776421546936035e-01
2.280426211655139923e-02
5.266168713569641113e-01
-7.489167153835296631e-02
8.249698579311370850e-02
-2.559620141983032227e-01
-2.529554665088653564e-01
-2.817809879779815674e-01
3.604897260665893555e-01
5.430309846997261047e-02
1.387429684400558472e-01
-6.020136177539825439e-02
1.071300983428955078e+00
8.052410483360290527e-01
1.399039030075073242e-01
-5.943030491471290588e-02
2.490187436342239380e-01
-3.006914556026458740e-01
-3.273878991603851318e-01
5.371022224426269531e-01
1.775133460760116577e-01
2.176707834005355835e-01
5.043065547943115234e-01
7.201763242483139038e-02
6.586949825286865234e-01
5.193238854408264160e-01
1.633260101079940796e-01
1.169635057449340820e-01
1.924733398482203484e-03
4.172632694244384766e-01
4.346509873867034912e-01
5.661756396293640137e-01
-1.587239503860473633e-01
3.935956954956054688e-01
-1.271947771310806274e-01
-1.303831934928894043e-01
-1.374555677175521851e-01
3.192099556326866150e-02
4.938012920320034027e-03
-4.032402336597442627e-01
-3.157455027103424072e-01
1.568173021078109741e-01
4.987631738185882568e-02
-1.393195688724517822e-01
-5.108233094215393066e-01
-9.930456429719924927e-02
3.262352347373962402e-01
-2.219177335500717163e-01
3.446509242057800293e-01
9.707220643758773804e-02
-3.839903771877288818e-01
4.234663844108581543e-01
8.369989991188049316e-01
-1.338938176631927490e-01
7.546328902244567871e-01
1.579657644033432007e-01
3.514778316020965576e-01
4.400435462594032288e-02
5.461223721504211426e-01
2.781138196587562561e-02
9.226439893245697021e-02
3.920285701751708984e-01
4.369038641452789307e-01
2.712869346141815186e-01
2.700654864311218262e-01
-1.822841614484786987e-01
3.927154466509819031e-02
-4.012588411569595337e-02
2.050719782710075378e-02
6.671224832534790039e-01
-4.894692599773406982e-01
-4.922061264514923096e-01
-7.629457712173461914e-01
5.967682972550392151e-02
-1.817752867937088013e-01
-6.203448772430419922e-02
1.777908205986022949e-01
-2.183323651552200317e-01
1.991001814603805542e-01
3.022411465644836426e-01
1.923304796218872070e-02
-5.280840992927551270e-01
-7.562916874885559082e-01
3.459845185279846191e-01
-2.515252530574798584e-01
5.564219318330287933e-03
-3.682776391506195068e-01
-3.548155128955841064e-01
-1.801163554191589355e-01
1.230785399675369263e-01
1.629427671432495117e-01
4.608339667320251465e-01
-2.905176877975463867e-01
2.200999408960342407e-01
1.184284687042236328e-01
-8.841478824615478516e-02
-2.771536707878112793e-01
4.634609818458557129e-01
1.946256756782531738e-01
2.972571849822998047e-01
-8.070347905158996582e-01
-1.794278323650360107e-01
-3.718721568584442139e-01
