-1.416875235736370087e-02
2.950401045382022858e-02
1.862339973449707031e-01
-1.715174019336700439e-01
3.282914310693740845e-02
-4.410821571946144104e-02
-1.154036819934844971e-01
8.991070091724395752e-02
-1.618865430355072021e-01
-1.399234123528003693e-02
-2.042674086987972260e-02
-1.050237715244293213e-01
-1.816206723451614380e-01
-8.671478182077407837e-02
1.933280080556869507e-01
-5.380680039525032043e-02
-1.829663664102554321e-01
1.763143949210643768e-02
-4.079326242208480835e-02
2.591548021882772446e-03
-3.891732194460928440e-04
-2.477419227361679077e-01
-1.172976344823837280e-01
-6.719049066305160522e-02
-1.556531637907028198e-01
1.220470890402793884e-01
-6.643617153167724609e-02
-2.026856131851673126e-02
1.633393019437789917e-01
4.940009489655494690e-02
-1.591974869370460510e-02
-8.388653397560119629e-02
7.668992970138788223e-03
3.482391685247421265e-02
-9.167437255382537842e-02
1.947100460529327393e-02
-1.590473204851150513e-01
4.424113780260086060e-02
4.543511942028999329e-02
-6.597334146499633789e-02
-1.430498659610748291e-01
1.146078929305076599e-01
-1.010262444615364075e-01
2.381711266934871674e-02
2.536521553993225098e-01
5.528860539197921753e-02
1.299678385257720947e-01
-2.442824887111783028e-03
1.242272630333900452e-01
1.904057413339614868e-01
7.630572468042373657e-02
-1.346751488745212555e-02
9.870053827762603760e-02
9.630235284566879272e-02
-4.949310794472694397e-02
2.600958943367004395e-01
-3.109182929620146751e-03
2.400371246039867401e-02
4.605799540877342224e-02
1.295113116502761841e-01
1.529912948608398438e-01
1.082002297043800354e-01
4.953844100236892700e-02
1.534840911626815796e-01
1.069751158356666565e-01
5.027793347835540771e-02
-1.110300794243812561e-02
5.779870972037315369e-02
8.158735930919647217e-02
-1.072760969400405884e-01
-1.027963683009147644e-01
4.498346522450447083e-02
-1.078116595745086670e-01
-1.092732325196266174e-01
6.512003391981124878e-02
-8.241265267133712769e-02
-5.863713473081588745e-02
9.710571169853210449e-02
-1.120325103402137756e-01
5.165689066052436829e-02
2.678570570424199104e-03
-7.556766271591186523e-02
7.730174064636230469e-02
1.171136051416397095e-01
-7.687299046665430069e-03
-7.621877640485763550e-02
1.323413401842117310e-01
-1.268167048692703247e-01
1.494164466857910156e-01
-8.733888715505599976e-02
1.831336468458175659e-01
-7.359314709901809692e-02
9.124670922756195068e-02
-6.677296012639999390e-02
-3.457833081483840942e-02
9.054489433765411377e-02
-6.587958894670009613e-03
-6.996789574623107910e-02
8.093142881989479065e-03
1.281316298991441727e-02
-1.534283161163330078e-01
1.975421905517578125e-01
8.807363919913768768e-03
1.552711576223373413e-01
-4.646608233451843262e-02
1.331799328327178955e-01
-1.239109262824058533e-01
-1.244659721851348877e-01
7.588359713554382324e-02
-9.577962011098861694e-02
1.561584770679473877e-01
-1.939953863620758057e-01
-6.749150156974792480e-02
1.932871043682098389e-01
-1.122556179761886597e-01
5.923154205083847046e-02
2.426772005856037140e-02
-1.218070983886718750e-01
2.407544553279876709e-01
1.789851486682891846e-01
-1.923014074563980103e-01
-2.174524590373039246e-02
7.163259666413068771e-03
2.153477817773818970e-02
-1.029665246605873108e-01
1.941292732954025269e-02
-5.458903964608907700e-03
-1.500923037528991699e-01
