4.164653643965721130e-02
-2.177062481641769409e-01
3.866534531116485596e-01
-1.083963811397552490e-01
-1.288884133100509644e-01
-1.753016114234924316e-01
6.911918520927429199e-02
4.760674759745597839e-02
1.572484672069549561e-01
1.829790323972702026e-02
4.229644834995269775e-01
-2.635822594165802002e-01
-1.579937785863876343e-01
-2.075563967227935791e-01
-2.409817464649677277e-02
-3.272205591201782227e-01
1.071738079190254211e-01
3.342892276123166084e-03
-1.416721567511558533e-02
-3.206641674041748047e-01
-2.099084258079528809e-01
1.963744312524795532e-01
2.327856123447418213e-01
1.744493842124938965e-01
-4.412235617637634277e-01
1.192400902509689331e-01
7.987247407436370850e-02
-9.831741452217102051e-03
-1.652636528015136719e-01
-1.079829558730125427e-01
-5.347098708152770996e-01
-3.826872408390045166e-01
-1.312171965837478638e-01
-3.739130217581987381e-03
-1.808767020702362061e-02
-4.432271718978881836e-01
1.863341405987739563e-02
4.239404797554016113e-01
2.592823803424835205e-01
-2.644227743148803711e-01
-1.004628688097000122e-01
2.275175154209136963e-01
-4.380096793174743652e-01
2.813239991664886475e-01
2.633647322654724121e-01
2.926978766918182373e-01
2.115642726421356201e-01
-4.504487290978431702e-02
-6.185812130570411682e-02
-9.098683297634124756e-02
1.914850175380706787e-01
1.060511618852615356e-01
2.525292336940765381e-01
-3.415549173951148987e-02
5.517397522926330566e-01
4.846133589744567871e-01
1.830589771270751953e-01
4.759683087468147278e-02
2.017136514186859131e-01
-1.275500655174255371e-01
-1.258368939161300659e-01
-1.089126169681549072e-01
5.564309954643249512e-01
6.945671141147613525e-02
8.239702135324478149e-02
-2.137935757637023926e-01
3.447099402546882629e-02
2.107263207435607910e-01
2.022287547588348389e-01
-6.545397043228149414e-01
-5.406751483678817749e-02
-2.074242830276489258e-01
-3.089004158973693848e-01
1.369165629148483276e-01
-5.499385297298431396e-02
-3.739043176174163818e-01
1.930088996887207031e-01
6.127848103642463684e-02
-8.930391818284988403e-02
4.612497389316558838e-01
2.590352892875671387e-01
-1.192532926797866821e-01
3.386339545249938965e-01
1.848758012056350708e-01
1.916395723819732666e-01
-8.481237106025218964e-03
7.584187984466552734e-01
-3.498722612857818604e-01
1.145331114530563354e-01
2.121323496103286743e-01
-2.325172722339630127e-01
-2.573909759521484375e-01
-8.920071274042129517e-02
-1.144459694623947144e-01
-2.713984809815883636e-02
-1.442808806896209717e-01
-9.637278318405151367e-02
-3.496012687683105469e-01
-1.737211495637893677e-01
-4.776722192764282227e-02
8.643488585948944092e-02
-8.482697419822216034e-03
6.540521979331970215e-01
-2.261272668838500977e-01
-2.897371537983417511e-02
2.700027637183666229e-02
-4.269521832466125488e-01
-1.297298222780227661e-01
3.247013390064239502e-01
-3.583856523036956787e-01
5.350385904312133789e-01
-1.728744953870773315e-01
8.688721060752868652e-02
3.285616040229797363e-01
-7.600107789039611816e-02
1.284921616315841675e-01
-3.268407657742500305e-02
1.015522330999374390e-01
4.361537098884582520e-02
3.840658664703369141e-01
-3.370010852813720703e-01
-3.177945017814636230e-01
1.969886571168899536e-01
5.297698378562927246e-01
-4.821166768670082092e-02
-1.620257347822189331e-01
-7.766077667474746704e-02
-5.529275164008140564e-02
