5.640958547592163086e-01
2.810639739036560059e-01
6.601740121841430664e-01
8.909896761178970337e-02
-4.653118550777435303e-02
-3.449165225028991699e-01
2.531653344631195068e-01
-3.619929030537605286e-02
-4.479447901248931885e-01
-1.553654521703720093e-01
2.079644352197647095e-01
-2.645526230335235596e-01
-2.729575037956237793e-01
1.724108159542083740e-01
-1.713102608919143677e-01
-3.765126168727874756e-01
1.052406802773475647e-01
4.857438206672668457e-01
7.887680083513259888e-02
-5.899676680564880371e-01
-2.955541014671325684e-01
-4.080963432788848877e-01
1.864479482173919678e-01
-1.824330687522888184e-01
-1.775498390197753906e-01
-4.257816672325134277e-01
-2.671706490218639374e-02
6.836380064487457275e-02
4.539613723754882812e-01
-4.103826880455017090e-01
-6.413320899009704590e-01
7.367787510156631470e-02
-2.875903844833374023e-01
2.941680252552032471e-01
-3.327166140079498291e-01
-5.432637333869934082e-01
1.606833785772323608e-01
5.046070814132690430e-01
6.617809534072875977e-01
-6.977327466011047363e-01
1.009186804294586182e-01
-1.523620169609785080e-02
-3.180885910987854004e-01
7.505048066377639771e-02
1.939354389905929565e-01
2.391005903482437134e-01
1.459456831216812134e-01
-1.235151290893554688e-01
-3.761149048805236816e-01
-1.826002262532711029e-03
-1.731297671794891357e-01
2.047212421894073486e-01
1.586015671491622925e-01
-6.381500512361526489e-02
3.069806396961212158e-01
2.881806194782257080e-01
1.534451395273208618e-01
-8.185160160064697266e-02
-3.631434738636016846e-01
-5.322415828704833984e-01
5.730291008949279785e-01
-2.500976026058197021e-01
1.936013698577880859e-01
8.818448334932327271e-02
2.971981167793273926e-01
-4.829448834061622620e-02
-1.014675796031951904e-01
2.950274050235748291e-01
2.024571001529693604e-01
-6.531760692596435547e-01
1.090352088212966919e-01
-4.917389154434204102e-01
-2.526872456073760986e-01
-2.810629606246948242e-01
1.463262438774108887e-01
-4.971177577972412109e-01
2.738779783248901367e-01
1.425969898700714111e-01
-1.005805954337120056e-01
1.887495666742324829e-01
5.352175980806350708e-02
-1.824929118156433105e-01
1.300595998764038086e-01
4.797167778015136719e-01
6.918064504861831665e-02
-4.302816092967987061e-01
3.011413514614105225e-01
-2.464050352573394775e-01
4.140269756317138672e-01
3.307903409004211426e-01
-6.804466247558593750e-01
2.546573877334594727e-01
9.867372363805770874e-02
2.216804474592208862e-01
1.871203631162643433e-01
-3.583810850977897644e-02
-2.844604477286338806e-02
-5.309034585952758789e-01
2.493000477552413940e-01
9.130018204450607300e-02
-3.782566487789154053e-01
4.643271863460540771e-01
7.920174002647399902e-01
-4.289466142654418945e-01
-7.213570922613143921e-02
1.895188987255096436e-01
-2.281773090362548828e-01
-2.960499227046966553e-01
6.796536594629287720e-02
-3.725102543830871582e-01
6.577911972999572754e-01
2.819922752678394318e-02
-4.364875331521034241e-02
1.320037990808486938e-01
6.640152074396610260e-03
-3.375642895698547363e-01
-2.803269401192665100e-02
2.111697942018508911e-01
5.364493001252412796e-03
4.326042234897613525e-01
-4.356943964958190918e-01
1.702353544533252716e-02
6.091081351041793823e-02
-3.041349910199642181e-02
-1.508892774581909180e-01
4.942247644066810608e-02
2.235043644905090332e-01
-7.304252386093139648e-01
