1.759431213140487671e-01
-1.914351135492324829e-01
5.001394152641296387e-01
-4.158749580383300781e-01
-1.918077170848846436e-01
-4.934108629822731018e-02
-7.362863421440124512e-02
-3.686666116118431091e-02
-2.744339704513549805e-01
1.404862105846405029e-01
1.227322593331336975e-01
3.062195144593715668e-02
-2.090702652931213379e-01
-2.362968176603317261e-01
2.115372419357299805e-01
-3.541910350322723389e-01
-2.656452059745788574e-01
5.547208711504936218e-02
1.466122865676879883e-01
-1.836344450712203979e-01
-2.409919798374176025e-01
1.614980865269899368e-03
1.246841028332710266e-01
-9.278463572263717651e-02
-2.987832129001617432e-01
-2.144812196493148804e-01
2.126573473215103149e-01
9.653618186712265015e-02
2.103567123413085938e-02
-4.181105494499206543e-01
-3.641349971294403076e-01
3.232279047369956970e-02
-2.470692247152328491e-01
8.384718745946884155e-02
7.921582087874412537e-03
-3.147206902503967285e-01
-3.509405627846717834e-02
7.465867996215820312e-01
4.520489275455474854e-01
-3.261046707630157471e-01
3.846006875392049551e-04
6.578666567802429199e-01
-3.892368078231811523e-01
2.263175100088119507e-01
8.080693334341049194e-02
4.776287078857421875e-01
2.646909095346927643e-02
-2.802312970161437988e-01
2.850578129291534424e-01
-2.506557703018188477e-01
-2.611074149608612061e-01
-5.263901948928833008e-01
4.372339844703674316e-01
3.751269727945327759e-02
-1.392529159784317017e-01
3.211573064327239990e-01
-7.236718386411666870e-02
2.079844176769256592e-01
1.373099982738494873e-01
8.303540945053100586e-02
8.967347443103790283e-02
-7.974307239055633545e-02
-5.123740434646606445e-02
-5.882391333580017090e-02
-7.643227279186248779e-02
-2.342035025358200073e-01
2.425152435898780823e-02
4.059224724769592285e-01
2.827653288841247559e-01
-1.621726602315902710e-01
-2.711621224880218506e-01
2.834430038928985596e-01
-5.421421527862548828e-01
8.875514566898345947e-02
1.120825260877609253e-01
-5.293234586715698242e-01
2.440321892499923706e-01
-4.271659709047526121e-04
3.722628057003021240e-01
7.757931351661682129e-01
1.374880522489547729e-01
7.376337051391601562e-02
3.162396252155303955e-01
5.557269454002380371e-01
-8.469265885651111603e-03
-2.444946020841598511e-02
6.883286833763122559e-01
-4.610386788845062256e-01
2.579684853553771973e-01
3.628108650445938110e-02
-1.528471410274505615e-01
-2.594812810420989990e-01
-2.938763201236724854e-01
-3.968943282961845398e-02
4.725871682167053223e-01
-2.713725864887237549e-01
-2.338773459196090698e-01
-2.678397595882415771e-01
-4.899698495864868164e-02
-6.679646968841552734e-01
-6.452824920415878296e-02
-4.862468317151069641e-02
5.556074976921081543e-01
-1.066336110234260559e-01
-9.137509763240814209e-02
2.501797378063201904e-01
-2.232619822025299072e-01
-4.112452566623687744e-01
1.085181385278701782e-01
-4.650297164916992188e-01
3.934597596526145935e-02
-3.692366555333137512e-02
-7.790361344814300537e-02
2.625166773796081543e-01
3.087592869997024536e-02
-3.659813106060028076e-01
-8.721718937158584595e-02
6.015002727508544922e-01
-8.459169417619705200e-02
-3.462205827236175537e-01
-4.380016326904296875e-01
-4.365157485008239746e-01
1.602591872215270996e-01
2.589555084705352783e-01
-2.078122496604919434e-01
-1.929121017456054688e-01
-2.538641095161437988e-01
8.308405056595802307e-03
