-3.465610146522521973e-01
7.882573455572128296e-02
1.116542071104049683e-01
-5.430840253829956055e-01
-6.925367116928100586e-01
-4.533492028713226318e-01
1.887509673833847046e-01
3.335255980491638184e-01
-1.113905683159828186e-01
1.185348778963088989e-01
3.864494264125823975e-01
-1.013697147369384766e+00
-1.186950802803039551e-01
-4.218318760395050049e-01
3.872389793395996094e-01
6.301832199096679688e-02
-3.753914535045623779e-01
-1.210183650255203247e-02
-3.349876105785369873e-01
1.411220282316207886e-01
9.581407904624938965e-02
-7.773798704147338867e-01
-1.969219595193862915e-01
-5.153775811195373535e-01
-3.036346137523651123e-01
-1.947600394487380981e-01
4.360049664974212646e-01
-5.654061213135719299e-02
1.773255765438079834e-01
2.433079481124877930e-01
-6.334225833415985107e-02
4.087610244750976562e-01
1.762285712175071239e-03
-1.433884650468826294e-01
1.593084782361984253e-01
7.970690131187438965e-01
-1.036428008228540421e-02
8.645940572023391724e-02
1.988306790590286255e-01
9.039839357137680054e-02
8.529993891716003418e-02
4.001578390598297119e-01
1.641523465514183044e-02
-6.117783486843109131e-02
4.592766761779785156e-01
5.932618379592895508e-01
2.983626425266265869e-01
-3.180572092533111572e-01
6.020135283470153809e-01
2.149908840656280518e-01
5.991462469100952148e-01
1.220257878303527832e-01
1.861048191785812378e-01
5.576947331428527832e-01
4.421575367450714111e-01
8.299172669649124146e-02
1.290839910507202148e-01
-2.237469702959060669e-01
9.751318395137786865e-02
-3.790517151355743408e-02
-2.172454595565795898e-01
5.953563377261161804e-02
-2.291308790445327759e-01
-1.484094709157943726e-01
-5.797443166375160217e-02
1.341133713722229004e-01
4.395907744765281677e-02
3.546053469181060791e-01
2.608684301376342773e-01
-3.708285391330718994e-01
4.059597849845886230e-01
1.300787627696990967e-01
-7.035735249519348145e-01
-5.815277695655822754e-01
1.747147925198078156e-02
-5.593292042613029480e-02
4.832623004913330078e-01
3.256451487541198730e-01
-2.891940772533416748e-01
1.878132373094558716e-01
1.217119395732879639e-01
9.528276324272155762e-02
-5.898347496986389160e-01
5.206291675567626953e-01
-2.752557396888732910e-02
-3.263397514820098877e-01
9.629104137420654297e-01
-3.069997727870941162e-01
-3.301065862178802490e-01
6.784563064575195312e-01
-7.133584022521972656e-01
2.573454082012176514e-01
7.015497982501983643e-02
1.677953898906707764e-01
9.918788671493530273e-01
-9.090000391006469727e-02
-8.544100522994995117e-01
-1.504186540842056274e-01
8.810055255889892578e-02
-1.380993127822875977e-01
-3.709967434406280518e-01
4.802996218204498291e-01
1.382413059473037720e-01
-8.826293945312500000e-01
1.434686183929443359e-01
1.742549240589141846e-01
-5.559689998626708984e-01
-6.774896383285522461e-02
-2.065701335668563843e-01
-2.680908441543579102e-01
9.490430355072021484e-02
-5.306581854820251465e-01
-5.231555700302124023e-01
1.105090528726577759e-01
-3.187952041625976562e-01
8.484445810317993164e-01
1.563631743192672729e-01
1.526839286088943481e-01
3.797507882118225098e-01
-1.177152246236801147e-01
-2.343144863843917847e-01
-4.021605253219604492e-01
-1.610195487737655640e-01
9.957890957593917847e-02
-4.639841616153717041e-01
-4.320364892482757568e-01
-7.839074730873107910e-01
-6.827282905578613281e-01
