-2.575100064277648926e-01
2.223563939332962036e-02
-1.211309954524040222e-01
2.843102812767028809e-01
1.229717060923576355e-01
-3.153170943260192871e-01
7.148759812116622925e-02
4.766273200511932373e-01
1.159980446100234985e-01
1.512372940778732300e-01
7.308803796768188477e-01
-7.147186994552612305e-01
2.573736608028411865e-01
-1.507065445184707642e-01
-4.083658382296562195e-02
2.050010859966278076e-01
-2.868400514125823975e-01
2.976293861865997314e-01
3.592230677604675293e-01
-2.562172114849090576e-01
2.023177891969680786e-01
6.420923024415969849e-02
-3.048134148120880127e-01
-4.535416662693023682e-01
-5.858165621757507324e-01
5.260679125785827637e-01
1.971310079097747803e-01
1.702614128589630127e-01
-1.447104066610336304e-01
-8.682912588119506836e-02
-9.423403441905975342e-02
-7.388747334480285645e-01
-6.509640812873840332e-01
2.294703125953674316e-01
-5.300830006599426270e-01
-1.896687299013137817e-01
3.696474134922027588e-01
3.016912378370761871e-03
6.116699576377868652e-01
-3.600301742553710938e-01
9.956697374582290649e-02
6.744079291820526123e-02
-1.498873680830001831e-01
4.029121994972229004e-01
1.135795563459396362e-01
-5.971818696707487106e-03
-1.899129599332809448e-01
-6.003656387329101562e-01
4.018588662147521973e-01
-6.120238304138183594e-01
3.168690502643585205e-01
4.186778664588928223e-01
6.914653778076171875e-01
3.225129544734954834e-01
2.393430769443511963e-01
4.783578217029571533e-01
6.826527416706085205e-02
2.453628182411193848e-01
-8.239790052175521851e-02
5.773185938596725464e-02
2.364627644419670105e-02
2.109561711549758911e-01
-1.648116409778594971e-01
-1.125732511281967163e-01
3.934212028980255127e-01
-4.555149078369140625e-01
2.893005609512329102e-01
5.401794314384460449e-01
5.838273763656616211e-01
-4.991272985935211182e-01
-3.138608932495117188e-01
-2.029472589492797852e-02
-1.338912993669509888e-01
1.714834943413734436e-02
-2.166369408369064331e-01
-4.763006567955017090e-01
3.079234361648559570e-01
-5.108242109417915344e-02
4.106425940990447998e-01
1.311020106077194214e-01
-2.003543823957443237e-01
2.278990298509597778e-01
4.995328933000564575e-02
9.035887122154235840e-01
5.384802818298339844e-01
6.754320263862609863e-01
4.493627548217773438e-01
-5.923447608947753906e-01
-9.047997742891311646e-02
7.281339913606643677e-02
-1.354846656322479248e-01
-4.495643451809883118e-02
-2.010218352079391479e-01
1.282397508621215820e-01
2.960927486419677734e-01
-5.956260561943054199e-01
-4.508336186408996582e-01
-5.813899636268615723e-01
-3.845404684543609619e-01
-2.932663559913635254e-01
-1.378241181373596191e-01
8.802580237388610840e-01
2.130416035652160645e-01
-1.167790666222572327e-01
4.123006761074066162e-02
2.903618216514587402e-01
-6.199164986610412598e-01
2.635450959205627441e-01
3.571983873844146729e-01
-6.481540799140930176e-01
-2.266295850276947021e-01
-3.798955876845866442e-04
-4.210439622402191162e-01
4.898877814412117004e-02
-3.348739743232727051e-01
2.976047396659851074e-01
1.196615695953369141e-01
-2.919270657002925873e-02
2.079591602087020874e-01
3.998509347438812256e-01
-3.508895039558410645e-01
-7.522545009851455688e-02
4.488197267055511475e-01
1.763403862714767456e-01
-5.347558856010437012e-01
-1.394023448228836060e-01
1.814527809619903564e-02
1.557144224643707275e-01
