-7.409859448671340942e-02
-8.971963822841644287e-02
1.668948978185653687e-01
-3.633424937725067139e-01
-2.434861958026885986e-01
1.944835782051086426e-01
6.220002844929695129e-02
5.502611771225929260e-02
8.049194514751434326e-02
1.675991117954254150e-01
1.649196445941925049e-01
-1.865165829658508301e-01
-6.211746931076049805e-01
-1.558384746313095093e-01
-8.804076910018920898e-02
-4.293139874935150146e-01
-3.501555621623992920e-01
1.627090722322463989e-01
1.198751255869865417e-01
-3.785353004932403564e-01
8.118733763694763184e-02
6.525844335556030273e-02
1.139817312359809875e-01
1.253217309713363647e-01
-1.758200824260711670e-01
3.344636410474777222e-02
2.005967497825622559e-02
1.618117392063140869e-01
-4.469617083668708801e-02
-6.836242228746414185e-02
-5.464590191841125488e-01
1.457760669291019440e-02
-2.573556303977966309e-01
9.611351042985916138e-02
-2.406113594770431519e-01
-4.879106283187866211e-01
1.380178630352020264e-01
3.794252574443817139e-01
5.749570131301879883e-01
-1.175000220537185669e-01
2.220008969306945801e-01
4.684406816959381104e-01
-6.146591901779174805e-01
5.015825387090444565e-03
-3.687575832009315491e-02
7.807774841785430908e-02
-1.741489768028259277e-01
-5.384974479675292969e-01
-1.439402103424072266e-01
-4.344916641712188721e-01
1.086987704038619995e-01
-3.445233702659606934e-01
1.912580877542495728e-01
-7.052781432867050171e-02
2.313633635640144348e-02
7.164714932441711426e-01
1.097776144742965698e-01
1.046963781118392944e-01
-1.723154187202453613e-01
-4.333386719226837158e-01
1.496850550174713135e-01
2.306296676397323608e-01
1.659989953041076660e-01
-5.018129199743270874e-02
1.460841447114944458e-01
-1.483733803033828735e-01
8.157160133123397827e-02
3.321008384227752686e-01
9.843145310878753662e-02
-5.379585027694702148e-01
-9.254009276628494263e-02
-3.334307074546813965e-01
-5.200671553611755371e-01
-6.212704628705978394e-02
-2.713225781917572021e-01
-3.247253894805908203e-01
1.000302359461784363e-01
-6.116943061351776123e-02
1.502086073160171509e-01
5.728789567947387695e-01
2.258274555206298828e-01
-4.842332378029823303e-02
2.751826047897338867e-01
5.969044566154479980e-01
2.449429631233215332e-01
-8.404818922281265259e-02
5.900259017944335938e-01
-3.060919642448425293e-01
1.774329394102096558e-01
4.076547026634216309e-01
2.276899516582489014e-01
-2.964596152305603027e-01
1.811479479074478149e-01
-2.569819092750549316e-01
3.613163828849792480e-01
-3.170795142650604248e-01
-5.667243599891662598e-01
-7.340369820594787598e-01
4.201945960521697998e-01
-1.317013502120971680e-01
-6.208456307649612427e-02
1.176305115222930908e-01
2.265103012323379517e-01
-4.708113148808479309e-02
-1.656479388475418091e-01
1.283884793519973755e-01
-2.615536749362945557e-01
-3.786823153495788574e-01
-1.226772069931030273e-01
-3.852633833885192871e-01
2.656376957893371582e-01
3.003074526786804199e-01
1.323732137680053711e-01
1.816522479057312012e-01
-2.724636159837245941e-02
3.051673471927642822e-01
2.914875447750091553e-01
1.609080284833908081e-01
7.205464690923690796e-02
5.318232178688049316e-01
-1.127940639853477478e-01
-4.244000315666198730e-01
3.394217789173126221e-01
4.802005887031555176e-01
-2.960994839668273926e-01
-5.118590965867042542e-02
2.184310108423233032e-01
-4.260309040546417236e-01
