6.760474443435668945e-01
5.772264003753662109e-01
9.797701835632324219e-01
-2.392261624336242676e-01
-1.326989680528640747e-01
3.745675683021545410e-01
4.314181208610534668e-01
2.895101010799407959e-01
2.636877596378326416e-01
5.399173498153686523e-01
8.549225330352783203e-01
-6.719632744789123535e-01
-1.446725279092788696e-01
-4.315154626965522766e-03
-5.268189311027526855e-01
5.009247362613677979e-02
-3.644039332866668701e-01
6.440461277961730957e-01
1.093240641057491302e-02
-3.742015063762664795e-01
4.414762258529663086e-01
-3.919817507266998291e-01
2.381145358085632324e-01
-1.773280203342437744e-01
-2.213399410247802734e-01
-1.564699560403823853e-01
1.094627901911735535e-01
7.673785090446472168e-01
1.966456621885299683e-01
2.412599474191665649e-01
-4.069759547710418701e-01
-5.303066372871398926e-01
-1.032920360565185547e+00
-1.165616661310195923e-01
-4.645654857158660889e-01
-3.298554122447967529e-01
-4.291355907917022705e-01
-4.376479610800743103e-02
1.410370916128158569e-01
2.002743333578109741e-01
-5.161928385496139526e-02
1.217955052852630615e-01
3.288059830665588379e-01
1.287831459194421768e-02
4.116288721561431885e-01
6.911439448595046997e-02
3.355972468852996826e-01
-4.777245521545410156e-01
-7.223942279815673828e-01
-2.210939228534698486e-01
7.122905552387237549e-02
-2.106835991144180298e-01
3.739853501319885254e-01
-2.105057537555694580e-01
1.665872037410736084e-01
6.920500397682189941e-01
1.527752429246902466e-01
-2.794836163520812988e-01
1.886934787034988403e-01
3.120155036449432373e-01
3.428529500961303711e-01
-7.073032855987548828e-02
-6.859111785888671875e-01
2.922908961772918701e-01
2.382669895887374878e-01
-4.540560543537139893e-01
-2.679286003112792969e-01
1.140954971313476562e+00
-5.889480113983154297e-01
-2.747078537940979004e-01
1.231916695833206177e-01
-3.433664143085479736e-01
2.487583011388778687e-01
-8.808606117963790894e-02
2.146186232566833496e-01
3.944187164306640625e-01
5.209933519363403320e-01
-2.238791733980178833e-01
-1.032259911298751831e-01
-1.889257282018661499e-01
-2.543804645538330078e-01
-7.633783221244812012e-01
1.961074024438858032e-01
-3.791183829307556152e-01
1.041238475590944290e-02
-5.572461485862731934e-01
6.307215690612792969e-01
-3.970579206943511963e-01
-3.450232744216918945e-01
-2.782610356807708740e-01
-1.496926844120025635e-01
-6.676385402679443359e-01
-3.819889426231384277e-01
1.062156707048416138e-01
-2.627397179603576660e-01
-3.412451446056365967e-01
1.845577955245971680e-01
-1.487568914890289307e-01
1.340603083372116089e-01
-2.194425463676452637e-01
-2.647119760513305664e-01
1.759825795888900757e-01
9.082252383232116699e-01
-4.144259542226791382e-02
-5.564907789230346680e-01
-7.489455491304397583e-02
3.743248581886291504e-01
-6.326893568038940430e-01
4.198815524578094482e-01
-7.600600123405456543e-01
7.417739033699035645e-01
-2.276608347892761230e-02
-1.842900365591049194e-01
4.719550162553787231e-02
-3.605292141437530518e-01
4.372827112674713135e-01
-2.552775740623474121e-01
3.236697912216186523e-01
6.950487494468688965e-01
1.014928698539733887e+00
-5.415855050086975098e-01
5.906449556350708008e-01
-4.078184962272644043e-01
9.440951049327850342e-02
-6.487172842025756836e-01
-7.828949093818664551e-01
4.579153954982757568e-01
-2.495837211608886719e-01
