2.457239478826522827e-01
9.400981664657592773e-02
2.658706307411193848e-01
-3.831282556056976318e-01
3.189593553543090820e-01
-3.578129112720489502e-01
-2.551515102386474609e-01
1.728024929761886597e-01
2.289221137762069702e-01
-8.321170806884765625e-01
-4.461410269141197205e-02
-3.022795617580413818e-01
-3.172615468502044678e-01
5.152941942214965820e-01
-2.195846438407897949e-01
-3.557130694389343262e-01
3.681073430925607681e-03
-1.394579708576202393e-01
2.109505832195281982e-01
-4.255776107311248779e-01
-2.478554695844650269e-01
-3.615381196141242981e-02
2.206506282091140747e-01
-1.421979516744613647e-01
-6.388770341873168945e-01
-7.850864529609680176e-02
1.301219463348388672e-01
4.817564785480499268e-01
5.227833986282348633e-01
2.106441557407379150e-01
-8.622534573078155518e-02
-6.669998168945312500e-01
-2.035987675189971924e-01
9.139653295278549194e-02
-6.326285600662231445e-01
1.965406388044357300e-01
-3.891806900501251221e-01
7.654013037681579590e-01
1.479403767734766006e-02
-5.285170674324035645e-01
2.856666743755340576e-01
2.672142386436462402e-01
-3.832479417324066162e-01
-5.189464688301086426e-01
2.021234035491943359e-01
4.684151709079742432e-01
-1.855588518083095551e-03
2.006485760211944580e-01
4.585999250411987305e-01
4.076904356479644775e-01
-2.209859639406204224e-01
-3.261538222432136536e-02
1.550689935684204102e-01
6.572632789611816406e-01
-1.716693192720413208e-01
4.199113249778747559e-01
1.210013478994369507e-01
-3.104245066642761230e-01
-2.706885337829589844e-01
7.620539516210556030e-02
8.488507270812988281e-01
2.224901169538497925e-01
7.754030227661132812e-01
7.545269280672073364e-02
-3.555797040462493896e-01
-1.527590602636337280e-01
-6.203814148902893066e-01
-1.915990710258483887e-01
-1.833066493272781372e-01
7.521278411149978638e-02
-1.786554455757141113e-01
-6.126444786787033081e-02
-1.470997929573059082e-01
-6.564980149269104004e-01
-3.069882988929748535e-01
-3.453416824340820312e-01
6.603549122810363770e-01
3.304408490657806396e-01
2.098764181137084961e-01
7.779680490493774414e-01
1.225505769252777100e-01
6.928901076316833496e-01
3.044734299182891846e-01
9.360714256763458252e-02
3.097695708274841309e-01
2.518152594566345215e-01
3.128345310688018799e-01
-2.811519801616668701e-01
1.849055439233779907e-01
-3.647363781929016113e-01
3.542116582393646240e-01
-4.282595813274383545e-01
-4.255385100841522217e-01
-1.678653806447982788e-02
7.561239600181579590e-02
-4.728272855281829834e-01
5.394201278686523438e-01
-2.349175065755844116e-01
-5.607103556394577026e-02
1.095972433686256409e-01
-4.462297260761260986e-01
-1.202955618500709534e-01
-8.197341114282608032e-02
4.331979155540466309e-02
-1.870617456734180450e-02
3.131181001663208008e-01
4.603609442710876465e-01
-2.543835043907165527e-01
4.736489057540893555e-01
-7.308163493871688843e-02
6.865081936120986938e-02
3.395344316959381104e-01
-4.252946972846984863e-01
4.503889083862304688e-01
-2.465926557779312134e-01
-9.579832106828689575e-02
4.320443570613861084e-01
3.116122446954250336e-02
7.872297167778015137e-01
5.493118166923522949e-01
-1.760958582162857056e-01
-2.464577928185462952e-02
-5.959452986717224121e-01
-5.938984826207160950e-02
-4.677323400974273682e-01
-3.016520738601684570e-01
4.018145501613616943e-01
-6.412720680236816406e-01
