1.300830692052841187e-01
4.693125486373901367e-01
2.633029818534851074e-01
-9.270717203617095947e-02
7.000115513801574707e-02
-8.132560253143310547e-01
3.278405368328094482e-01
-2.709745429456233978e-02
1.563859283924102783e-01
-5.625380203127861023e-02
-1.388991773128509521e-01
4.914484322071075439e-01
-1.315616667270660400e-01
-6.051365733146667480e-01
-1.255286484956741333e-01
-1.574894413352012634e-02
-7.085603475570678711e-01
7.693548202514648438e-01
1.614046096801757812e-02
-2.105193436145782471e-01
4.778124988079071045e-01
-6.774775385856628418e-01
-7.547021657228469849e-02
1.053902432322502136e-01
-7.064261436462402344e-01
5.657441020011901855e-01
-3.900860846042633057e-01
1.429526060819625854e-01
1.474868953227996826e-01
-1.618447601795196533e-01
-2.461884170770645142e-01
5.096402764320373535e-01
-9.499164223670959473e-01
1.535500138998031616e-01
-2.819905579090118408e-01
-6.673039495944976807e-02
1.620587706565856934e-01
2.188063710927963257e-01
4.415868520736694336e-01
-1.689487993717193604e-01
-2.848139703273773193e-01
2.384190857410430908e-01
1.623130589723587036e-01
-5.740992426872253418e-01
5.358389616012573242e-01
7.335706949234008789e-01
2.928810119628906250e-01
-1.635724753141403198e-01
1.959074586629867554e-01
8.610841631889343262e-01
1.319085210561752319e-01
8.975429087877273560e-02
6.822080016136169434e-01
4.298128932714462280e-02
1.499195694923400879e-01
2.507255673408508301e-01
5.826785564422607422e-01
-2.371279001235961914e-01
-4.731261730194091797e-01
2.694512307643890381e-01
1.591058224439620972e-01
4.720128327608108521e-02
3.346977829933166504e-01
2.131846249103546143e-01
1.025341451168060303e-01
3.219060599803924561e-01
1.112490296363830566e-01
1.483419537544250488e-01
-3.618697524070739746e-01
-7.315164208412170410e-01
1.756559461355209351e-01
-1.676869988441467285e-01
-1.508625298738479614e-01
-4.089459404349327087e-02
-1.262016892433166504e-01
-8.157095313072204590e-01
-2.951568365097045898e-01
-3.104269206523895264e-01
1.654575467109680176e-01
6.254917383193969727e-01
-7.517823576927185059e-02
1.568781882524490356e-01
3.172681927680969238e-01
2.968669831752777100e-01
1.929405033588409424e-01
-1.963630020618438721e-01
1.731187999248504639e-01
-1.559701412916183472e-01
1.093224734067916870e-01
4.558054208755493164e-01
1.182957515120506287e-01
-7.200411558151245117e-01
-4.935361444950103760e-02
-2.451814264059066772e-01
8.842662572860717773e-01
-7.472216337919235229e-02
-2.546085715293884277e-01
-9.133176505565643311e-02
-3.835990130901336670e-01
2.566598169505596161e-02
-1.126807481050491333e-01
3.953090012073516846e-01
4.513516277074813843e-02
3.508677706122398376e-02
-5.627722144126892090e-01
-6.397052407264709473e-01
-8.228557705879211426e-01
-5.803557634353637695e-01
5.101758241653442383e-01
-2.183464169502258301e-01
4.708092212677001953e-01
-3.440549671649932861e-01
-5.035561323165893555e-02
3.864145278930664062e-02
-2.647505998611450195e-01
5.248662233352661133e-01
1.856492757797241211e-01
-1.532215327024459839e-01
3.983639478683471680e-01
-7.409270107746124268e-02
-5.032079815864562988e-01
-1.825874298810958862e-01
1.084671378135681152e+00
-1.932308822870254517e-01
-2.770843356847763062e-02
-4.457636475563049316e-01
-1.225952655076980591e-01
-1.836741417646408081e-01
