1.272491365671157837e-01
-9.937378764152526855e-02
7.240183949470520020e-01
-1.158262267708778381e-01
-2.787998616695404053e-01
-6.792973726987838745e-02
1.170997247099876404e-01
2.859350144863128662e-01
1.202184706926345825e-01
-1.304271817207336426e-01
2.010386288166046143e-01
-2.819266319274902344e-01
5.660607945173978806e-03
-1.152382344007492065e-01
2.003066092729568481e-01
-1.930828690528869629e-01
2.433155626058578491e-01
2.657292187213897705e-01
1.625324338674545288e-01
-5.039871484041213989e-02
-7.760132104158401489e-02
4.781587794423103333e-02
1.778049916028976440e-01
-7.788358628749847412e-02
-5.257606506347656250e-01
-1.876207254827022552e-02
1.699838787317276001e-01
2.790114656090736389e-02
3.832329809665679932e-02
-7.933301851153373718e-03
-1.099922731518745422e-01
-4.302877485752105713e-01
-1.905727833509445190e-01
-2.797964811325073242e-01
-2.073971629142761230e-01
-2.317641228437423706e-01
-1.669800467789173126e-02
2.524193823337554932e-01
4.393636584281921387e-01
-3.732986450195312500e-01
-8.527616411447525024e-02
2.744876444339752197e-01
-2.944305539131164551e-01
-2.513954639434814453e-01
-2.957513323053717613e-03
-1.475828737020492554e-01
3.738589882850646973e-01
-3.137414529919624329e-02
7.010173797607421875e-02
1.387965828180313110e-01
1.670291125774383545e-01
-4.097041189670562744e-01
-8.315120823681354523e-03
2.004273980855941772e-01
1.206673160195350647e-01
4.389810860157012939e-01
1.074305400252342224e-01
3.109878301620483398e-01
5.637750029563903809e-02
-1.182253360748291016e-01
7.226052135229110718e-02
-6.350483745336532593e-02
9.989634156227111816e-03
2.683718502521514893e-01
-3.035541251301765442e-02
-1.224533990025520325e-01
-2.062250673770904541e-01
8.313122391700744629e-02
1.353601366281509399e-01
-6.179039478302001953e-01
4.562783986330032349e-02
3.579261479899287224e-03
7.429760694503784180e-02
1.289210319519042969e-01
-8.404835313558578491e-02
-4.557837843894958496e-01
1.434413641691207886e-01
7.561445981264114380e-02
-1.787306219339370728e-01
2.085538357496261597e-01
-1.310321241617202759e-01
-1.301403623074293137e-02
6.079955771565437317e-02
3.987456560134887695e-01
8.825086988508701324e-03
1.168722592410631478e-04
4.619947075843811035e-01
-6.759199500083923340e-02
2.200655080378055573e-02
1.309705525636672974e-01
-1.312883645296096802e-01
-1.576590389013290405e-01
-1.960115879774093628e-01
6.562268733978271484e-02
-5.328349769115447998e-02
-1.389211118221282959e-01
-7.051777839660644531e-02
-3.623121976852416992e-01
2.863967716693878174e-01
-2.812735140323638916e-01
-1.559101641178131104e-01
2.745755314826965332e-01
4.631319344043731689e-01
-2.645016461610794067e-02
-1.716959774494171143e-01
2.405526340007781982e-01
-3.334168493747711182e-01
2.246779799461364746e-01
5.217524990439414978e-02
-3.710940480232238770e-01
1.766852140426635742e-01
-1.844937801361083984e-01
1.009496599435806274e-01
3.675747513771057129e-01
-5.794129893183708191e-02
3.427722454071044922e-01
1.926226168870925903e-01
3.790097776800394058e-03
1.772103458642959595e-01
1.373478025197982788e-01
-3.542292118072509766e-01
-2.648938298225402832e-01
-1.418979465961456299e-01
1.300859898328781128e-01
-3.520889952778816223e-02
-1.586339324712753296e-01
9.926097840070724487e-02
-2.373979091644287109e-01
