-1.614235937595367432e-01
-4.371434748172760010e-01
4.949203431606292725e-01
-3.763420879840850830e-02
-1.181202754378318787e-01
1.095396950840950012e-01
-2.771912515163421631e-01
1.037175655364990234e-01
1.510868407785892487e-02
-2.001993209123611450e-01
2.121440619230270386e-01
-2.795095369219779968e-02
-3.827772736549377441e-01
4.190690815448760986e-01
-1.783673837780952454e-02
-5.061861276626586914e-01
-3.142211437225341797e-01
2.228686660528182983e-01
-1.449611932039260864e-01
1.883261203765869141e-01
4.937387704849243164e-01
1.609013378620147705e-01
8.448325097560882568e-04
8.458931744098663330e-02
-4.496703445911407471e-01
-9.851682186126708984e-02
8.563505411148071289e-01
-3.188422918319702148e-01
-6.345822662115097046e-02
-1.256763041019439697e-01
-3.709634542465209961e-01
-3.449623584747314453e-01
-1.582137346267700195e-01
-3.175814151763916016e-01
2.819840796291828156e-02
-1.870014518499374390e-01
-7.639817893505096436e-02
-1.484682410955429077e-01
2.505370378494262695e-01
-4.752635657787322998e-01
-1.215801015496253967e-01
-2.802562154829502106e-02
-1.548743993043899536e-02
3.629832565784454346e-01
2.602778673171997070e-01
-3.718195483088493347e-02
9.902787953615188599e-02
2.611568197607994080e-03
4.687095880508422852e-01
-9.206199087202548981e-03
5.210213661193847656e-01
2.301650047302246094e-01
5.646597743034362793e-01
3.854851722717285156e-01
2.938187718391418457e-01
5.023570656776428223e-01
5.663537383079528809e-01
-1.406185925006866455e-01
-3.387516438961029053e-01
-5.956076830625534058e-02
-4.373653978109359741e-02
-1.385090649127960205e-01
3.046515583992004395e-02
-3.677175343036651611e-01
1.847776919603347778e-01
1.420400887727737427e-01
-1.692420616745948792e-02
2.091863155364990234e-01
3.623983263969421387e-01
-3.768506050109863281e-01
-8.992914855480194092e-02
-2.173713296651840210e-01
-5.091449618339538574e-01
3.774924948811531067e-02
-4.901956617832183838e-01
3.537284210324287415e-02
4.378877282142639160e-01
-6.243327632546424866e-02
-2.406225074082612991e-03
4.723256230354309082e-01
1.939955055713653564e-01
-4.050176441669464111e-01
5.966850519180297852e-01
5.316824913024902344e-01
7.028893381357192993e-02
-3.111717104911804199e-02
6.039499640464782715e-01
-3.698401153087615967e-01
-7.429822534322738647e-02
5.829945206642150879e-01
-4.941285550594329834e-01
-1.514467224478721619e-02
1.595459282398223877e-01
-3.871139138936996460e-02
8.875300884246826172e-01
-4.132998287677764893e-01
-8.380146622657775879e-01
-3.205082714557647705e-01
-4.600607156753540039e-01
-2.679022252559661865e-01
-2.990136742591857910e-01
-2.178781852126121521e-02
2.610571980476379395e-01
3.128621354699134827e-02
1.802908331155776978e-01
3.407182991504669189e-01
-2.999694645404815674e-01
-7.703176140785217285e-02
3.622684180736541748e-01
-8.186938762664794922e-01
-5.753562599420547485e-02
1.581849008798599243e-01
-1.318219155073165894e-01
2.970241904258728027e-01
2.963905781507492065e-02
-2.643701136112213135e-01
3.016793727874755859e-01
-1.613244712352752686e-01
3.257857859134674072e-01
5.047206878662109375e-01
-2.982274591922760010e-01
1.329829078167676926e-02
-3.645291328430175781e-01
-3.694541752338409424e-02
3.254190683364868164e-01
-1.641491353511810303e-01
-2.221475392580032349e-01
-5.106878876686096191e-01
