4.109245836734771729e-01
1.609698534011840820e-01
3.218967020511627197e-01
-2.224675714969635010e-01
-2.101363390684127808e-01
1.413246244192123413e-01
1.211027950048446655e-01
8.528694510459899902e-01
-1.517929732799530029e-01
-6.150118112564086914e-01
2.932606041431427002e-01
-3.092489838600158691e-01
4.024688005447387695e-01
1.255540251731872559e-01
2.292456626892089844e-01
-1.311929225921630859e-01
1.497597396373748779e-01
4.087963402271270752e-01
-1.859593242406845093e-01
3.890326321125030518e-01
-6.883502751588821411e-02
1.199457421898841858e-01
-2.023484259843826294e-01
2.762427628040313721e-01
1.287628859281539917e-01
2.375443428754806519e-01
7.955925911664962769e-02
2.183009125292301178e-02
-2.677648961544036865e-01
-5.695817992091178894e-02
-2.745065093040466309e-01
-1.312340199947357178e-01
-3.590296953916549683e-02
1.104938983917236328e-01
1.880403906106948853e-01
3.646145462989807129e-01
2.916608564555644989e-02
5.691524147987365723e-01
3.594757318496704102e-01
-3.413451835513114929e-02
-3.295228481292724609e-01
5.686765909194946289e-01
-3.189452886581420898e-01
1.423878967761993408e-01
3.962530791759490967e-01
2.362715154886245728e-01
1.558649688959121704e-01
-9.342878311872482300e-02
5.354330316185951233e-02
2.784043252468109131e-01
2.316804379224777222e-01
-1.857519000768661499e-01
9.316617250442504883e-02
-1.935062706470489502e-01
2.897041141986846924e-01
1.006893992424011230e+00
4.233227074146270752e-01
1.645361185073852539e-01
-1.826839745044708252e-01
1.930650472640991211e-01
-5.711644422262907028e-03
2.752020359039306641e-01
2.107286453247070312e-01
-4.665018022060394287e-01
1.137128025293350220e-01
-2.469669133424758911e-01
-1.769244223833084106e-01
2.927872240543365479e-01
7.858397364616394043e-01
-3.605364859104156494e-01
-4.625968635082244873e-02
1.480082273483276367e-01
-3.271997869014739990e-01
1.485909819602966309e-01
3.850416541099548340e-01
-5.337024331092834473e-01
5.310136079788208008e-01
-9.841582505032420158e-04
-1.106669753789901733e-01
2.039734572172164917e-01
-2.232651971280574799e-02
-4.372631013393402100e-01
4.640301764011383057e-01
2.389444410800933838e-01
-1.489703506231307983e-01
-1.094989851117134094e-02
1.608621031045913696e-01
-2.715111672878265381e-01
5.878986045718193054e-02
7.134694606065750122e-04
2.556290291249752045e-02
-2.867853641510009766e-01
-1.788685023784637451e-01
5.528598651289939880e-02
2.748275697231292725e-01
-5.534150004386901855e-01
-4.810330644249916077e-02
-3.388137221336364746e-01
-1.876748353242874146e-01
-1.986810415983200073e-01
-2.034776359796524048e-01
1.135377436876296997e-01
5.078155994415283203e-01
-6.363927572965621948e-02
-9.901319444179534912e-02
-6.338480114936828613e-02
-3.740684390068054199e-01
-8.282645046710968018e-02
-8.917821943759918213e-02
-4.934903085231781006e-01
3.530176281929016113e-01
-5.459662079811096191e-01
-1.931803971529006958e-01
8.124428242444992065e-02
-4.140524566173553467e-01
3.013036549091339111e-01
8.724468760192394257e-03
9.328329563140869141e-02
4.638068377971649170e-01
3.341290950775146484e-01
-2.479987442493438721e-01
-1.282774358987808228e-01
4.126791357994079590e-01
-6.096629425883293152e-03
-4.415297508239746094e-01
-1.649437993764877319e-01
-1.906707286834716797e-01
-1.337134391069412231e-01
