2.409336119890213013e-01
-2.953757159411907196e-02
2.501594722270965576e-01
-8.179982006549835205e-02
-3.523932993412017822e-01
-3.116524517536163330e-01
3.085995614528656006e-01
-1.888701468706130981e-01
-4.023305699229240417e-02
-3.423983603715896606e-02
6.683118343353271484e-01
-7.363870739936828613e-02
-6.229059398174285889e-02
-4.632695391774177551e-02
1.026524454355239868e-01
-4.606184065341949463e-01
-9.426432847976684570e-02
7.678866982460021973e-01
-1.124230772256851196e-01
2.638939917087554932e-01
3.324848785996437073e-02
2.199036478996276855e-01
4.912185966968536377e-01
-2.933326959609985352e-01
-4.267255067825317383e-01
-6.396640837192535400e-02
3.040666282176971436e-01
3.538753390312194824e-01
1.643536835908889771e-01
-1.043748669326305389e-02
-7.541302591562271118e-02
-2.492171898484230042e-02
-1.809070557355880737e-01
2.161594629287719727e-01
-1.789382696151733398e-01
-1.487672626972198486e-01
-1.152993552386760712e-02
3.649990558624267578e-01
4.588832557201385498e-01
-7.722576707601547241e-02
-1.775380671024322510e-01
7.181267142295837402e-01
-3.746027499437332153e-02
1.967708617448806763e-01
6.929864287376403809e-01
4.085950851440429688e-01
1.617010086774826050e-01
-2.538405954837799072e-01
5.800762772560119629e-02
1.043536141514778137e-01
5.874964874237775803e-03
-2.908054590225219727e-01
9.123662114143371582e-02
1.513214707374572754e-01
7.538873702287673950e-02
9.543538093566894531e-02
5.889976024627685547e-02
7.105777412652969360e-02
1.740532219409942627e-01
1.443007886409759521e-01
1.017430648207664490e-01
3.389887213706970215e-01
-1.930003426969051361e-02
4.828026890754699707e-02
-8.911305665969848633e-02
1.188638061285018921e-01
-8.823691308498382568e-02
2.939579486846923828e-01
2.910722978413105011e-02
-2.366152554750442505e-01
1.029454320669174194e-01
-1.148483529686927795e-01
-3.375601470470428467e-01
9.760754555463790894e-02
-3.875194489955902100e-01
-2.608064413070678711e-01
3.277265131473541260e-01
-2.881401777267456055e-01
2.553391754627227783e-01
9.369249343872070312e-01
2.045986205339431763e-01
1.180847287178039551e-01
4.112859666347503662e-01
1.198785565793514252e-02
7.844991981983184814e-02
2.326404899358749390e-01
6.987681984901428223e-01
-2.446332573890686035e-01
4.414944946765899658e-01
1.628851294517517090e-01
-3.096009492874145508e-01
-4.052927494049072266e-01
-3.266749382019042969e-01
3.484816551208496094e-01
7.431347370147705078e-01
8.300584740936756134e-03
-5.982548594474792480e-01
-5.444886684417724609e-01
-3.561701476573944092e-01
-1.857896149158477783e-01
-2.916510105133056641e-01
-1.741738803684711456e-02
4.519357085227966309e-01
-6.888004392385482788e-02
6.550139188766479492e-02
3.286223411560058594e-01
-2.074980139732360840e-01
-3.117303550243377686e-01
2.448399923741817474e-02
-5.254488587379455566e-01
3.892917186021804810e-02
2.782349586486816406e-01
3.031313717365264893e-01
6.861056089401245117e-01
5.804943442344665527e-01
-1.410787254571914673e-01
1.807776540517807007e-01
2.733559608459472656e-01
1.725717931985855103e-01
2.314544767141342163e-01
-4.876768290996551514e-01
-2.214879989624023438e-01
2.782197892665863037e-01
2.470788955688476562e-01
9.728635102510452271e-02
3.111838102340698242e-01
-3.657642304897308350e-01
-2.214163169264793396e-02
