1.087501496076583862e-01
1.247260645031929016e-01
6.404394507408142090e-01
-1.055984944105148315e-01
-1.503538191318511963e-01
-1.356034725904464722e-01
3.785270452499389648e-01
5.806889384984970093e-02
-3.913933634757995605e-01
-3.007014095783233643e-01
4.283120036125183105e-01
8.608605712652206421e-02
2.230376452207565308e-01
-4.107563197612762451e-01
2.724130749702453613e-01
-4.797326624393463135e-01
5.221143737435340881e-02
6.518533229827880859e-01
-3.453269600868225098e-02
-1.044945046305656433e-01
-1.077227741479873657e-01
1.439819037914276123e-01
-2.711170315742492676e-01
-2.505603134632110596e-01
-4.091375768184661865e-01
-4.207435995340347290e-02
8.641372621059417725e-02
3.584346771240234375e-01
1.037722900509834290e-01
-5.310626626014709473e-01
-5.696052908897399902e-01
-9.028524160385131836e-02
-1.476608663797378540e-01
7.553765922784805298e-02
-5.064093694090843201e-02
-2.572460174560546875e-01
1.532086133956909180e-01
3.853485286235809326e-01
1.113338842988014221e-01
-3.549954891204833984e-01
5.185049176216125488e-01
3.598707616329193115e-01
-3.176946043968200684e-01
2.675459682941436768e-01
4.045297205448150635e-01
1.655144691467285156e-01
-1.635500043630599976e-01
6.953407824039459229e-02
1.747132986783981323e-01
-3.867395520210266113e-01
3.000364005565643311e-01
-1.611807756125926971e-02
1.043721437454223633e-01
2.518109083175659180e-01
1.107925996184349060e-01
1.919403821229934692e-01
-2.065259069204330444e-01
-2.660114765167236328e-01
-1.248412579298019409e-01
-3.981045186519622803e-01
3.351446390151977539e-01
7.826901227235794067e-02
-1.401548534631729126e-01
3.994536399841308594e-01
2.882335484027862549e-01
2.121710777282714844e-01
7.069544494152069092e-02
2.009944990277290344e-02
3.341636657714843750e-01
-2.806948423385620117e-01
3.943043947219848633e-01
-3.527548015117645264e-01
-1.830470263957977295e-01
6.649667769670486450e-02
-1.098995879292488098e-01
-3.336530923843383789e-02
2.872921153903007507e-02
1.495559979230165482e-02
-1.073584854602813721e-01
3.483214974403381348e-01
1.880851387977600098e-02
-5.353148095309734344e-03
2.587625384330749512e-01
5.287711024284362793e-01
3.434344828128814697e-01
2.470497936010360718e-01
8.296438455581665039e-01
-4.645122587680816650e-01
1.238611154258251190e-02
5.714972019195556641e-01
-1.446270942687988281e-01
-3.254725039005279541e-02
-2.069140672683715820e-01
8.991949143819510937e-04
2.694618701934814453e-01
-3.579365611076354980e-01
-5.527275204658508301e-01
-5.303559303283691406e-01
4.978835880756378174e-01
5.725493654608726501e-02
3.632123395800590515e-02
1.894572228193283081e-01
7.197760343551635742e-01
-1.642590016126632690e-01
-2.779826819896697998e-01
1.554421782493591309e-01
-3.146254718303680420e-01
-5.682161450386047363e-01
2.053888589143753052e-01
-4.280137121677398682e-01
5.628090724349021912e-02
8.247753977775573730e-02
-1.613423377275466919e-01
1.792890876531600952e-01
-1.584332138299942017e-01
2.550768256187438965e-01
3.539030253887176514e-01
-1.003414541482925415e-01
5.988451242446899414e-01
3.242344558238983154e-01
-5.907229781150817871e-01
9.510749951004981995e-03
2.566268742084503174e-01
1.021860912442207336e-01
-3.125723898410797119e-01
-1.424351800233125687e-02
9.328333288431167603e-02
-3.359986543655395508e-01
