8.204472064971923828e-02
-1.234725192189216614e-01
8.066588044166564941e-01
-8.187214136123657227e-01
5.996367335319519043e-01
-2.736099958419799805e-01
-1.252521425485610962e-01
3.339397311210632324e-01
-2.674422264099121094e-01
-2.797069251537322998e-01
-2.018060088157653809e-01
-3.622714802622795105e-02
3.559341430664062500e-01
-4.088056683540344238e-01
-1.546890139579772949e-01
1.965996623039245605e-02
-3.657478094100952148e-01
2.841870486736297607e-01
3.080383539199829102e-01
1.063934713602066040e-01
4.506575763225555420e-01
-2.374960780143737793e-01
1.116255819797515869e-01
4.447869360446929932e-01
-3.134250938892364502e-01
2.387325763702392578e-01
6.111934036016464233e-02
8.013780415058135986e-02
4.393780231475830078e-02
6.175606250762939453e-01
-4.525590538978576660e-01
5.667129158973693848e-01
4.525014162063598633e-01
-1.224044337868690491e-01
5.878620743751525879e-01
-7.357825338840484619e-02
3.506127595901489258e-01
2.495674490928649902e-01
8.618198633193969727e-01
-1.764413565397262573e-01
-3.078687787055969238e-01
2.000219672918319702e-01
-1.545236110687255859e-01
3.723355531692504883e-01
6.880534291267395020e-01
5.336232781410217285e-01
2.604454159736633301e-01
-7.734003067016601562e-01
-2.684180736541748047e-01
4.934858679771423340e-01
-2.889657020568847656e-01
-1.960804760456085205e-01
-6.119427084922790527e-01
1.257425099611282349e-01
2.343868911266326904e-01
-2.577515877783298492e-02
-8.073618412017822266e-01
-4.530127942562103271e-01
3.440236449241638184e-01
-3.346885442733764648e-01
2.420833855867385864e-01
5.218285694718360901e-02
3.684091866016387939e-01
2.890616059303283691e-01
-1.791209578514099121e-01
2.196570932865142822e-01
3.011499345302581787e-02
-7.430393993854522705e-02
2.034815549850463867e-01
1.719167381525039673e-01
-2.412245869636535645e-01
-3.686503767967224121e-01
1.341741830110549927e-01
-8.634439110755920410e-01
-5.208953619003295898e-01
2.661893963813781738e-01
3.059492111206054688e-01
2.314223647117614746e-01
6.516278386116027832e-01
-3.586817383766174316e-01
-5.186255574226379395e-01
3.719708025455474854e-01
5.172476172447204590e-01
-1.839090883731842041e-01
2.848835587501525879e-01
-4.398067593574523926e-01
2.527496814727783203e-01
-8.521471619606018066e-01
2.414843738079071045e-01
-1.076120808720588684e-01
-6.693288683891296387e-01
-3.166845142841339111e-01
-4.169760942459106445e-01
6.016824841499328613e-01
6.350657939910888672e-01
1.188978329300880432e-01
1.460410468280315399e-02
-1.370919495820999146e-01
-1.878092139959335327e-01
-3.324313163757324219e-01
-7.315379977226257324e-01
6.763715744018554688e-01
3.504355847835540771e-01
4.247925877571105957e-01
-4.815526902675628662e-01
3.293495178222656250e-01
6.054652333259582520e-01
-5.487799048423767090e-01
3.508785068988800049e-01
-1.442295014858245850e-01
-7.802839577198028564e-02
1.884787529706954956e-01
2.793213427066802979e-01
6.346458196640014648e-01
1.335023641586303711e-01
2.813818156719207764e-01
1.010204255580902100e-01
4.046135544776916504e-01
1.705066412687301636e-01
7.526111006736755371e-01
-9.516565501689910889e-02
5.910962224006652832e-01
1.350687444210052490e-01
3.640457093715667725e-01
-4.086800813674926758e-01
-2.080188840627670288e-01
-2.927573025226593018e-01
-6.462699174880981445e-01
