-2.253947965800762177e-02
3.993099331855773926e-01
6.560665965080261230e-01
5.778525471687316895e-01
4.078610837459564209e-01
-6.002317070960998535e-01
-2.857492864131927490e-01
-1.931524872779846191e-01
-2.326893508434295654e-01
5.985341668128967285e-01
2.789865136146545410e-01
-3.640139698982238770e-01
3.516624867916107178e-02
-2.506756484508514404e-01
1.537742912769317627e-01
-3.418422043323516846e-01
5.121178627014160156e-01
-9.290379239246249199e-04
-4.018473625183105469e-02
1.913429498672485352e-01
2.595579922199249268e-01
3.542380928993225098e-01
4.927738606929779053e-01
-2.536339759826660156e-01
-1.312142461538314819e-01
-2.201346755027770996e-01
-3.471456766128540039e-01
1.786628216505050659e-01
1.762890815734863281e-01
-3.738772571086883545e-01
-2.087579816579818726e-01
8.137172460556030273e-02
-6.517139673233032227e-01
-1.288610100746154785e-01
-3.581487536430358887e-01
-3.991848528385162354e-01
5.591811239719390869e-02
4.515553712844848633e-01
3.659306764602661133e-01
-1.199188269674777985e-02
9.021227806806564331e-02
1.882383599877357483e-02
-3.455017507076263428e-01
3.765737637877464294e-02
3.355028107762336731e-02
-2.518115639686584473e-01
1.618979275226593018e-01
1.805571019649505615e-01
1.842423230409622192e-01
2.087989002466201782e-01
-4.775435477495193481e-02
2.232001125812530518e-01
1.796518266201019287e-01
1.731436550617218018e-01
5.137088522315025330e-02
3.291669189929962158e-01
7.179773598909378052e-02
7.533503323793411255e-02
-1.572440415620803833e-01
-6.591742038726806641e-01
3.373142182826995850e-01
1.429485529661178589e-01
2.972458600997924805e-01
4.290637969970703125e-01
1.190116927027702332e-01
-8.086659312248229980e-01
-2.357025295495986938e-01
7.219917178153991699e-01
6.007435917854309082e-01
-6.513127088546752930e-01
3.287881314754486084e-01
-1.740054935216903687e-01
-3.378532230854034424e-01
-6.755937337875366211e-01
-2.314499020576477051e-02
-1.189992278814315796e-01
-3.350805044174194336e-01
3.768712654709815979e-02
2.019106447696685791e-01
6.882362812757492065e-02
5.170945078134536743e-02
2.239859290421009064e-02
-9.746029973030090332e-02
5.459229350090026855e-01
3.050927817821502686e-01
5.579639077186584473e-01
5.756339430809020996e-01
-8.199322819709777832e-01
-2.325588315725326538e-01
3.885664418339729309e-02
1.665471643209457397e-01
-7.433131337165832520e-02
2.256536157801747322e-03
-1.538874804973602295e-01
4.292157590389251709e-01
2.754274010658264160e-01
-4.137886762619018555e-01
-5.361672043800354004e-01
-3.661247491836547852e-01
-4.373690485954284668e-01
-5.781226158142089844e-01
4.089592099189758301e-01
4.300712347030639648e-01
-3.381016477942466736e-02
2.482560127973556519e-01
3.388676345348358154e-01
-6.157563626766204834e-02
7.572628674097359180e-04
8.964752405881881714e-02
6.232930719852447510e-02
3.624036312103271484e-01
-7.024230360984802246e-01
2.537507005035877228e-02
5.241727828979492188e-01
2.548498511314392090e-01
-7.508893609046936035e-01
-1.193241849541664124e-01
5.241424441337585449e-01
8.093010783195495605e-01
2.877149730920791626e-02
-4.015756547451019287e-01
-1.288468539714813232e-01
6.202254444360733032e-02
3.404749333858489990e-01
-1.207753047347068787e-01
-5.682787299156188965e-01
-3.468712568283081055e-01
2.924899756908416748e-01
