-1.014609728008508682e-02
2.165325284004211426e-01
5.739606618881225586e-01
-1.868620663881301880e-01
-2.673703134059906006e-01
1.770412474870681763e-01
1.693950742483139038e-01
2.064988315105438232e-01
-6.114999949932098389e-02
3.371112048625946045e-01
1.370073258876800537e-01
-7.240689992904663086e-01
-3.424081504344940186e-01
-7.994626164436340332e-01
1.363613456487655640e-01
-7.978820800781250000e-02
1.519508361816406250e-01
2.725570797920227051e-01
-6.781140565872192383e-01
-1.598778814077377319e-01
8.283878117799758911e-02
-1.499301344156265259e-01
1.798352450132369995e-01
-2.585305571556091309e-01
-7.208756208419799805e-01
-2.936232089996337891e-01
-1.839792132377624512e-01
1.498442441225051880e-01
-2.815441973507404327e-02
-3.460679650306701660e-01
-3.257420063018798828e-01
-5.595919489860534668e-01
-2.280855923891067505e-01
6.666310876607894897e-02
1.416187826544046402e-02
7.948684692382812500e-02
-2.870521843433380127e-01
-3.431603610515594482e-01
4.667523205280303955e-01
-6.758829951286315918e-01
-4.937958419322967529e-01
5.555320978164672852e-01
-1.777312606573104858e-01
-7.691872715950012207e-01
4.524146765470504761e-02
-1.715099662542343140e-01
1.070617511868476868e-01
-8.128586411476135254e-01
3.220036327838897705e-01
-1.008540689945220947e-01
-2.745906263589859009e-02
2.238066047430038452e-01
9.285423159599304199e-02
3.141233325004577637e-01
3.771677017211914062e-01
3.648879230022430420e-01
3.782030194997787476e-02
3.606305420398712158e-01
-9.300355613231658936e-02
-6.282829493284225464e-02
1.294389516115188599e-01
3.366920650005340576e-01
1.934475451707839966e-01
-2.796848416328430176e-01
-2.826419770717620850e-01
3.257929086685180664e-01
2.443785816431045532e-01
1.638017147779464722e-01
4.159635007381439209e-01
5.082951113581657410e-02
-7.742294576019048691e-03
-3.696944192051887512e-02
-3.418793380260467529e-01
-3.283759355545043945e-01
-6.522262096405029297e-02
-5.497712492942810059e-01
-3.207646310329437256e-03
1.499259024858474731e-01
-4.743648469448089600e-01
7.409935444593429565e-02
-1.038577482104301453e-01
-2.119036763906478882e-02
-4.344676434993743896e-02
3.016269803047180176e-01
4.286476969718933105e-01
2.924659848213195801e-01
4.779572188854217529e-01
-9.978040456771850586e-01
1.415378898382186890e-01
4.486912488937377930e-01
-4.751254618167877197e-02
-4.200684130191802979e-01
-1.521035283803939819e-01
-1.431822478771209717e-01
7.391222715377807617e-01
-7.963409423828125000e-01
-3.998520672321319580e-01
-4.633627235889434814e-01
-7.195446491241455078e-01
-7.378051877021789551e-01
-6.986775398254394531e-01
-1.351145058870315552e-01
3.717927634716033936e-01
-2.411413788795471191e-01
1.663227379322052002e-01
-7.907490432262420654e-02
1.588340103626251221e-01
-4.198518991470336914e-01
4.375999867916107178e-01
-4.878919422626495361e-01
5.650500655174255371e-01
-2.441846877336502075e-01
-1.419626474380493164e-01
-2.348045259714126587e-01
1.894576251506805420e-01
6.463501602411270142e-02
9.787604957818984985e-02
1.024166718125343323e-01
-1.369814872741699219e-01
-7.586876302957534790e-02
-2.278992980718612671e-01
2.444132417440414429e-01
8.377762883901596069e-02
-9.123070538043975830e-02
-1.206859201192855835e-01
-2.339547425508499146e-01
-5.218865871429443359e-01
-1.945484988391399384e-02
