4.264879822731018066e-01
-4.234841093420982361e-02
8.406065702438354492e-01
-2.340864688158035278e-01
-9.616098552942276001e-02
-3.667874261736869812e-02
-3.345873355865478516e-01
2.825615406036376953e-01
2.600403130054473877e-01
5.505795404314994812e-02
1.801295951008796692e-02
6.995919346809387207e-02
-5.943692475557327271e-02
-5.596203356981277466e-02
6.848222576081752777e-03
-3.599931597709655762e-01
2.329033911228179932e-01
2.431226819753646851e-01
2.912125289440155029e-01
-1.230940818786621094e-01
1.561396121978759766e-01
-2.924838364124298096e-01
2.199943512678146362e-01
-2.931522428989410400e-01
-6.308919787406921387e-01
-3.306204080581665039e-02
1.980143338441848755e-01
-5.346682667732238770e-01
-1.576243788003921509e-01
2.509141564369201660e-01
-2.807215452194213867e-01
-7.493857145309448242e-01
8.516816422343254089e-03
-3.564036190509796143e-01
-1.607977002859115601e-01
-9.328386187553405762e-02
-1.527512371540069580e-01
-1.095466539263725281e-01
6.549081802368164062e-01
-3.044001758098602295e-01
-7.332607358694076538e-02
3.953640162944793701e-01
-3.169588148593902588e-01
-3.718325793743133545e-01
2.188181579113006592e-01
-8.833432570099830627e-03
2.484798878431320190e-01
1.536493003368377686e-01
-2.941595911979675293e-01
-6.378912180662155151e-02
7.482513040304183960e-02
-2.237124443054199219e-01
7.843632251024246216e-02
2.087837904691696167e-01
1.605669558048248291e-01
1.466829031705856323e-01
-3.069411516189575195e-01
1.506405882537364960e-02
6.132496148347854614e-02
-1.783484965562820435e-01
-7.793563604354858398e-02
5.837764218449592590e-02
7.748252898454666138e-02
3.056286275386810303e-01
1.647441089153289795e-01
-2.913987040519714355e-01
-5.337572097778320312e-01
-7.846993952989578247e-02
1.303041279315948486e-01
-4.158431589603424072e-01
-8.848539739847183228e-02
3.418402746319770813e-02
2.636269927024841309e-01
-1.687766760587692261e-01
-2.759573161602020264e-01
-2.798528075218200684e-01
2.051146477460861206e-01
-1.980749368667602539e-01
-4.636729359626770020e-01
5.389394760131835938e-01
-1.737126857042312622e-01
1.815989017486572266e-01
2.125165015459060669e-01
2.623419761657714844e-01
-7.537879794836044312e-02
-3.126783967018127441e-01
3.643248975276947021e-01
-2.253118008375167847e-01
3.961249813437461853e-02
-4.181611910462379456e-02
8.385343849658966064e-02
-2.993993163108825684e-01
-4.728439152240753174e-01
6.466012448072433472e-02
-1.910238265991210938e-01
-3.719271421432495117e-01
9.036032855510711670e-02
-1.760411858558654785e-01
1.344823688268661499e-01
-3.776120841503143311e-01
-3.555658757686614990e-01
2.281135180965065956e-03
9.421004354953765869e-02
-1.913072615861892700e-01
-3.758260011672973633e-01
3.729340061545372009e-02
-2.518690824508666992e-01
1.520151793956756592e-01
3.358495831489562988e-01
-3.243668079376220703e-01
1.905848532915115356e-01
3.550510853528976440e-02
-1.785636693239212036e-01
3.206054270267486572e-01
-2.915468998253345490e-02
1.503521054983139038e-01
1.477088481187820435e-01
4.871826618909835815e-02
3.286328911781311035e-01
1.961706280708312988e-01
-1.915605068206787109e-01
2.781354263424873352e-02
-9.147169440984725952e-02
-2.652758173644542694e-02
-8.458864688873291016e-02
2.070146650075912476e-01
4.553813040256500244e-01
-2.959131821990013123e-02
