1.937808236107230186e-03
2.232833653688430786e-01
8.340957164764404297e-01
-5.181550979614257812e-01
3.767137825489044189e-01
-5.995975807309150696e-02
-2.044881135225296021e-01
5.658687353134155273e-01
-5.348619818687438965e-02
3.086254894733428955e-01
-4.409458935260772705e-01
-7.860720753669738770e-01
-2.962514460086822510e-01
-6.338464617729187012e-01
-3.306866586208343506e-01
-7.669287919998168945e-02
-6.911838054656982422e-02
-2.035087198019027710e-01
3.502642214298248291e-01
2.963591217994689941e-01
-3.526504635810852051e-01
-1.430118978023529053e-01
2.235729806125164032e-02
6.880725622177124023e-01
-1.233815699815750122e-01
4.121045172214508057e-01
1.535138636827468872e-01
5.941559001803398132e-02
3.435379564762115479e-01
7.930760979652404785e-01
-2.023226320743560791e-01
5.648037791252136230e-02
3.027738817036151886e-02
3.143741488456726074e-01
5.226594209671020508e-01
-7.896116003394126892e-03
-1.538293659687042236e-01
3.356069326400756836e-01
2.595595717430114746e-01
1.307817827910184860e-02
4.187299311161041260e-01
2.721037566661834717e-01
2.675806283950805664e-01
-6.577040553092956543e-01
1.655919551849365234e-01
2.968830764293670654e-01
-4.114348590373992920e-01
-4.193955063819885254e-01
2.320311665534973145e-01
9.298222661018371582e-01
-2.077341079711914062e-01
1.595481634140014648e-01
-4.975232295691967010e-04
-2.085799872875213623e-01
8.973183482885360718e-02
-2.747921943664550781e-01
-3.773762285709381104e-01
-5.001263022422790527e-01
4.039745405316352844e-02
-1.749495863914489746e-01
-1.536094956099987030e-02
-2.091929912567138672e-01
-4.183007478713989258e-01
8.920320123434066772e-02
-3.321148157119750977e-01
2.526682510506361723e-04
1.580081135034561157e-01
-2.151870429515838623e-01
1.818854063749313354e-01
-4.986633658409118652e-01
-7.066121101379394531e-01
-2.629998624324798584e-01
-3.439165055751800537e-01
-5.894358158111572266e-01
-1.509581804275512695e-01
1.238466054201126099e-01
-2.928324341773986816e-01
7.186459749937057495e-02
-5.902370214462280273e-01
1.372798383235931396e-01
1.865099519491195679e-01
2.182001769542694092e-01
2.464722692966461182e-01
-6.004396677017211914e-01
4.799933433532714844e-01
-1.797756254673004150e-01
1.167448639869689941e+00
-2.601478099822998047e-01
5.524768829345703125e-01
-7.805843353271484375e-01
5.619834363460540771e-02
-5.164257809519767761e-02
2.638798058032989502e-01
-4.638637006282806396e-01
1.804116219282150269e-01
-1.304623335599899292e-01
-6.163091063499450684e-01
-5.385650396347045898e-01
-3.263598382472991943e-01
-5.389968156814575195e-01
-5.709223151206970215e-01
7.063568383455276489e-02
4.939205348491668701e-01
5.340436100959777832e-01
-6.211737990379333496e-01
3.398792818188667297e-02
-1.659326106309890747e-01
-2.216510921716690063e-01
4.059756547212600708e-02
2.924887239933013916e-01
9.379979223012924194e-02
-1.585195958614349365e-01
-1.036222502589225769e-01
4.542270004749298096e-01
-9.075729548931121826e-02
2.164272218942642212e-01
4.232878983020782471e-01
-8.515961468219757080e-02
7.324779629707336426e-01
8.907478451728820801e-01
-4.711082577705383301e-01
-1.678387522697448730e-01
-1.110368147492408752e-01
-1.794388443231582642e-01
3.375713480636477470e-03
-1.941402554512023926e-01
3.905768692493438721e-01
-7.381168603897094727e-01
