9.669972956180572510e-02
2.745728790760040283e-01
5.021718144416809082e-01
-1.076186895370483398e+00
2.750111222267150879e-01
5.719680190086364746e-01
-8.303255438804626465e-01
2.762274742126464844e-01
-1.968106478452682495e-01
-2.196366190910339355e-01
-1.156657934188842773e+00
-5.693374872207641602e-01
-6.226654052734375000e-01
-5.918636918067932129e-01
7.652681469917297363e-01
4.010421335697174072e-01
-3.417438864707946777e-01
3.355047702789306641e-01
2.166732102632522583e-01
6.188777685165405273e-01
-3.808046281337738037e-01
-6.604674458503723145e-01
-1.191730141639709473e+00
-4.903464317321777344e-01
-9.259679913520812988e-01
4.932582974433898926e-01
-3.975022733211517334e-01
5.801476240158081055e-01
6.133824586868286133e-01
4.018995761871337891e-01
-4.098280668258666992e-01
-7.139001786708831787e-02
-2.159144580364227295e-01
2.829457521438598633e-01
5.717428326606750488e-01
-4.882552921772003174e-01
1.205495186150074005e-02
-2.018123865127563477e-01
-3.740976452827453613e-01
2.893618643283843994e-01
1.522634327411651611e-01
-6.825891733169555664e-01
4.961155056953430176e-01
3.556733727455139160e-01
2.218867689371109009e-01
3.341118097305297852e-01
4.084725677967071533e-01
-5.525607466697692871e-01
4.652066230773925781e-01
4.743871688842773438e-01
2.153379023075103760e-01
-1.283350680023431778e-02
-1.547480225563049316e-01
8.364277333021163940e-02
-2.449679374694824219e-01
3.609200119972229004e-01
4.057855308055877686e-01
2.127372771501541138e-01
6.839960813522338867e-01
3.100439161062240601e-02
2.493206262588500977e-01
4.137176573276519775e-01
4.602147340774536133e-01
1.202722862362861633e-01
-2.312766760587692261e-01
1.170093193650245667e-01
4.411991238594055176e-01
4.217992722988128662e-01
1.086239796131849289e-02
-1.554493457078933716e-01
-8.021433353424072266e-01
4.618272483348846436e-01
-5.634682178497314453e-01
-3.388833254575729370e-02
9.504745155572891235e-02
-5.002815723419189453e-01
-3.854608833789825439e-01
1.046173125505447388e-01
-3.999050855636596680e-01
2.258436977863311768e-01
3.551922440528869629e-01
1.181834042072296143e-01
1.042756065726280212e-01
-6.160131469368934631e-02
1.913430355489253998e-02
-4.822825491428375244e-01
5.281147360801696777e-01
-1.733421236276626587e-01
6.079158186912536621e-01
1.504628211259841919e-01
6.322606801986694336e-01
-3.915668725967407227e-01
5.105589032173156738e-01
1.769043621607124805e-03
-1.077840179204940796e-01
-8.642492443323135376e-02
-5.190528035163879395e-01
-5.593675374984741211e-02
4.715685248374938965e-01
-5.239199995994567871e-01
-1.016503930091857910e+00
5.647420883178710938e-01
5.529474616050720215e-01
8.582928776741027832e-01
-7.087836861610412598e-01
-1.425652205944061279e-01
-1.219461560249328613e+00
-6.829214692115783691e-01
5.645535513758659363e-02
-2.075137048959732056e-01
4.185899496078491211e-01
-1.017938733100891113e+00
-1.284135431051254272e-01
2.814647853374481201e-01
-2.122846841812133789e-01
1.517963036894798279e-02
-8.436333388090133667e-02
-1.186650156974792480e+00
9.725943803787231445e-01
4.174919426441192627e-01
-6.212103962898254395e-01
-2.172652930021286011e-01
5.266469120979309082e-01
-8.771047741174697876e-02
-6.644132733345031738e-01
8.022906631231307983e-02
1.452160030603408813e-01
-9.904848933219909668e-01
