2.560162544250488281e-02
2.893472835421562195e-02
3.386023044586181641e-01
-5.440081357955932617e-01
-1.806377321481704712e-01
-6.785584688186645508e-01
-2.354618161916732788e-01
1.280513405799865723e-01
-3.767957687377929688e-01
-3.340829014778137207e-01
6.488777697086334229e-02
-1.692998707294464111e-01
5.698490515351295471e-02
-5.635133385658264160e-01
2.847270965576171875e-01
-1.960441023111343384e-01
-4.287059903144836426e-01
4.358717501163482666e-01
3.041061460971832275e-01
-1.636751741170883179e-01
2.611252069473266602e-01
-4.194812476634979248e-01
-1.843265295028686523e-01
3.012641333043575287e-02
-1.714560836553573608e-01
6.027726829051971436e-02
3.279459178447723389e-01
2.596558034420013428e-01
-1.231640018522739410e-02
-1.995245367288589478e-01
-5.379985086619853973e-03
-3.814288973808288574e-01
-1.669842153787612915e-01
-3.387419879436492920e-02
1.907350122928619385e-01
1.192247569561004639e-01
-2.851445078849792480e-01
4.554553031921386719e-01
2.749865949153900146e-01
-1.135319620370864868e-01
6.032018661499023438e-01
1.543177813291549683e-01
2.058434933423995972e-01
2.279621660709381104e-01
5.415179133415222168e-01
-1.957211196422576904e-01
1.751098483800888062e-01
-2.569880187511444092e-01
3.991489708423614502e-01
1.974066495895385742e-01
1.321930587291717529e-01
3.708420693874359131e-01
3.125682771205902100e-01
3.102039918303489685e-02
6.354410648345947266e-01
3.743259012699127197e-01
2.115946859121322632e-01
2.720957994461059570e-01
-1.028489395976066589e-01
-5.847508311271667480e-01
3.821409642696380615e-01
6.681743264198303223e-02
-7.272797077894210815e-02
-4.198905527591705322e-01
3.713567852973937988e-01
2.481607720255851746e-02
1.446695625782012939e-01
-1.544247120618820190e-01
-3.144086897373199463e-01
-1.655680239200592041e-01
-6.014424562454223633e-02
-3.336028158664703369e-01
-1.878367364406585693e-01
-4.515554308891296387e-01
2.374095320701599121e-01
-4.401193261146545410e-01
2.187817692756652832e-01
2.895379364490509033e-01
1.036373898386955261e-02
6.219612956047058105e-01
1.909468024969100952e-01
-9.958859533071517944e-02
4.676176309585571289e-01
4.114418327808380127e-01
9.888369441032409668e-01
2.667170464992523193e-01
8.878585100173950195e-01
-3.932676613330841064e-01
2.493685334920883179e-01
5.022881031036376953e-01
-2.399723380804061890e-01
1.379269827157258987e-02
4.960912466049194336e-02
4.448935091495513916e-01
5.967005491256713867e-01
-5.894831418991088867e-01
-4.310208261013031006e-01
-7.852938175201416016e-01
3.093666136264801025e-01
-6.837216615676879883e-01
-4.608521759510040283e-01
5.239825844764709473e-01
-2.010463178157806396e-01
-4.172131717205047607e-01
1.982693672180175781e-01
5.018303990364074707e-01
-7.153510451316833496e-01
-9.720235317945480347e-02
3.053202033042907715e-01
1.488935798406600952e-01
3.415046632289886475e-01
-1.825503110885620117e-01
-3.304706811904907227e-01
1.504583805799484253e-01
1.552007645368576050e-01
4.769029915332794189e-01
1.136020943522453308e-01
1.744611859321594238e-01
1.029224693775177002e-01
7.433718442916870117e-02
-3.486571907997131348e-01
5.947760865092277527e-02
2.667814493179321289e-01
-2.490044087171554565e-01
5.237789824604988098e-02
-4.370434954762458801e-02
-5.651223063468933105e-01
-2.034101933240890503e-01
