2.269619852304458618e-01
-2.772095613181591034e-03
2.080602496862411499e-01
-6.267040967941284180e-02
-2.035662531852722168e-02
-2.858694493770599365e-01
2.510270774364471436e-01
-2.798223495483398438e-01
-7.243737578392028809e-01
-3.639341294765472412e-01
1.344023793935775757e-01
-7.623133063316345215e-02
-5.996825173497200012e-03
-1.472510248422622681e-01
1.219731792807579041e-01
-4.066910445690155029e-01
-2.496906220912933350e-01
2.725181579589843750e-01
5.389552116394042969e-01
-7.298009991645812988e-01
5.803645253181457520e-01
-1.353553980588912964e-01
4.398110806941986084e-01
-2.974527478218078613e-01
-2.025942802429199219e-01
6.251930724829435349e-03
1.027609631419181824e-01
-1.080205664038658142e-02
-7.962495088577270508e-02
-6.382868289947509766e-01
-1.508901119232177734e-01
-4.138837158679962158e-01
-6.494433283805847168e-01
-2.877751588821411133e-01
-3.150172829627990723e-01
-3.662883639335632324e-01
4.573481902480125427e-02
3.628264646977186203e-03
2.723203897476196289e-01
-1.176832169294357300e-01
-2.047326564788818359e-01
4.648231863975524902e-01
-2.393492907285690308e-01
-1.937235891819000244e-01
2.776562795042991638e-02
3.966402411460876465e-01
-4.662400782108306885e-01
-2.440249919891357422e-01
-2.408455163240432739e-01
-2.070838510990142822e-01
7.273387163877487183e-02
-1.387102305889129639e-01
6.344009041786193848e-01
4.460465610027313232e-01
5.395745038986206055e-01
7.162432670593261719e-01
-1.392502933740615845e-01
-4.276580736041069031e-02
-1.239983737468719482e-02
-3.691916763782501221e-01
-1.937741935253143311e-01
-3.426934778690338135e-01
5.578584223985671997e-02
2.976179122924804688e-01
3.994971513748168945e-01
9.297291934490203857e-02
2.242594063282012939e-01
4.094089567661285400e-01
2.076366096735000610e-01
-1.841987669467926025e-01
8.699532598257064819e-03
-5.522574111819267273e-02
-3.111255168914794922e-01
-1.985519528388977051e-01
3.199678957462310791e-01
-4.713055193424224854e-01
-2.572945058345794678e-01
-7.096992433071136475e-02
-6.599377095699310303e-02
5.655202269554138184e-01
-1.187385544180870056e-01
6.921252608299255371e-01
4.655936956405639648e-01
1.096525862812995911e-01
-4.155989363789558411e-02
-2.947616204619407654e-02
3.112356960773468018e-01
-4.497168064117431641e-01
3.153828978538513184e-01
1.866085380315780640e-01
-4.314593374729156494e-01
-3.010721504688262939e-01
-3.438304364681243896e-01
6.480450928211212158e-02
-2.811745107173919678e-01
-4.431524872779846191e-01
-4.271898865699768066e-01
-6.999350786209106445e-01
6.380064785480499268e-02
3.059147298336029053e-01
1.009130571037530899e-02
2.035591453313827515e-01
6.853249389678239822e-03
-4.669658243656158447e-01
-4.535549134016036987e-02
1.226041987538337708e-01
-4.247345626354217529e-01
-1.726280450820922852e-01
1.723912805318832397e-01
-6.035692691802978516e-01
4.103896617889404297e-01
7.162383794784545898e-01
-2.710320353507995605e-01
2.431101202964782715e-01
1.498884707689285278e-01
6.122413277626037598e-01
1.998222619295120239e-01
5.702332258224487305e-01
3.963055908679962158e-01
4.766908586025238037e-01
-4.333137869834899902e-01
3.145878389477729797e-02
-9.136324375867843628e-02
1.603751480579376221e-01
-5.937060713768005371e-02
-9.156926721334457397e-02
3.109417259693145752e-01
-1.419930309057235718e-01
