6.277711689472198486e-02
-8.351054042577743530e-02
2.586619462817907333e-03
-3.577319681644439697e-01
-7.204949259757995605e-01
-3.705738857388496399e-02
1.056229695677757263e-01
9.279632568359375000e-02
-1.827689111232757568e-01
-7.449920475482940674e-02
3.132973909378051758e-01
-6.408131122589111328e-01
-1.444203704595565796e-01
-1.342688649892807007e-01
-5.981901288032531738e-02
-4.867970049381256104e-01
-1.419761329889297485e-01
8.947110921144485474e-02
9.674081951379776001e-02
8.026181161403656006e-02
2.289333641529083252e-01
-5.356793850660324097e-02
-1.162514686584472656e-01
-2.184407562017440796e-01
-5.831933021545410156e-01
-3.035019040107727051e-01
1.793853640556335449e-01
-3.083608858287334442e-02
-1.558248400688171387e-01
-5.561546981334686279e-02
-2.011933475732803345e-01
-1.399973928928375244e-01
-4.037331789731979370e-02
1.579303108155727386e-02
1.005402058362960815e-01
-4.243769347667694092e-01
-1.101074218750000000e-01
8.787676692008972168e-02
6.742120981216430664e-01
1.991031914949417114e-01
-1.199549660086631775e-01
2.748614251613616943e-01
1.863827407360076904e-01
7.073026895523071289e-02
4.058159589767456055e-01
3.668060898780822754e-01
-1.001960635185241699e-01
-2.764604985713958740e-01
1.425509005784988403e-01
1.569851040840148926e-01
3.453480005264282227e-01
-8.161064237356185913e-02
3.994648456573486328e-01
4.116656482219696045e-01
2.723694741725921631e-01
6.149986982345581055e-01
4.509722590446472168e-01
1.030847653746604919e-01
-7.937108725309371948e-02
-2.264432758092880249e-01
-1.067424714565277100e-01
-6.993360072374343872e-02
4.188467562198638916e-01
-3.100366890430450439e-01
1.032548677176237106e-02
-3.828957080841064453e-01
1.123131215572357178e-01
4.117932319641113281e-01
4.339450895786285400e-01
-4.436478614807128906e-01
-3.870758414268493652e-01
-5.137918516993522644e-02
-6.232356429100036621e-01
4.004104435443878174e-01
-6.533463299274444580e-02
-2.945033907890319824e-01
2.168394625186920166e-01
2.434114366769790649e-01
-3.712562322616577148e-01
7.282571792602539062e-01
-2.039547711610794067e-01
4.368313774466514587e-02
2.850066125392913818e-01
2.995480298995971680e-01
1.353279948234558105e-01
3.907589912414550781e-01
2.842451035976409912e-01
-3.704654052853584290e-02
4.675197601318359375e-02
2.830415405333042145e-02
-3.268821537494659424e-02
-1.209530681371688843e-01
-2.212972342967987061e-01
3.452939093112945557e-01
4.498290717601776123e-01
1.648105531930923462e-01
-7.635434269905090332e-01
-1.966373771429061890e-01
-1.740017533302307129e-01
-5.926536321640014648e-01
-3.293147087097167969e-01
-3.862418830394744873e-01
6.040524840354919434e-01
-1.253148466348648071e-01
-1.699561066925525665e-02
-3.220629394054412842e-01
-1.976335793733596802e-01
-3.344882130622863770e-01
6.139403581619262695e-02
-7.425981163978576660e-01
-1.251418739557266235e-01
-2.099648118019104004e-01
-3.935931921005249023e-01
4.380239844322204590e-01
4.623646289110183716e-02
-1.890773922204971313e-01
-7.833397388458251953e-02
-1.198260784149169922e-01
4.652784466743469238e-01
8.269015699625015259e-02
-1.084486693143844604e-01
7.533488422632217407e-02
-9.573766589164733887e-02
3.161862790584564209e-01
2.750853821635246277e-02
-6.159906387329101562e-01
-4.070473834872245789e-02
-3.101043999195098877e-01
