1.771484613418579102e-01
3.053927123546600342e-01
5.611391067504882812e-01
-3.312745988368988037e-01
7.484161108732223511e-02
-2.130523137748241425e-02
1.313093025237321854e-02
3.719714283943176270e-01
-2.011046260595321655e-01
1.525375545024871826e-01
3.342083692550659180e-01
-1.652983725070953369e-01
-6.819060444831848145e-01
-2.509423792362213135e-01
9.631542861461639404e-02
-5.082379579544067383e-01
9.308350831270217896e-02
2.288097888231277466e-01
3.150622919201850891e-02
4.726060479879379272e-02
3.399588912725448608e-02
1.122311949729919434e-01
-2.801236808300018311e-01
-2.028617076575756073e-02
-3.543819189071655273e-01
3.239386379718780518e-01
1.057002171874046326e-01
2.568067014217376709e-01
-4.520140215754508972e-02
5.951116681098937988e-01
1.000760123133659363e-01
-6.138150691986083984e-01
-1.114070057868957520e+00
2.386444807052612305e-01
2.553421854972839355e-01
-2.328316122293472290e-01
-4.471569657325744629e-01
2.637010514736175537e-01
1.758906990289688110e-01
-1.835459023714065552e-01
-4.274779558181762695e-02
1.275871098041534424e-01
8.764556795358657837e-02
-3.050163984298706055e-01
5.352348089218139648e-01
3.609629273414611816e-01
-1.916857957839965820e-01
8.547524362802505493e-02
1.175657585263252258e-01
-1.494254171848297119e-01
-5.043208226561546326e-02
2.760258913040161133e-01
3.720600008964538574e-01
-1.143470928072929382e-01
7.867958545684814453e-01
6.072571277618408203e-01
4.585412442684173584e-01
-1.074756756424903870e-01
-7.068458199501037598e-02
-1.942201256752014160e-01
-9.876763075590133667e-02
-2.449389100074768066e-01
-5.376905798912048340e-01
1.078676804900169373e-01
2.327290177345275879e-01
-4.145036339759826660e-01
2.695298492908477783e-01
5.733407139778137207e-01
2.434118837118148804e-01
-1.202217787504196167e-01
-2.760223448276519775e-01
5.467414855957031250e-02
-3.333797454833984375e-01
-1.542820930480957031e-01
-8.360572904348373413e-02
-4.178185760974884033e-01
-1.407996714115142822e-01
5.061601400375366211e-01
2.377549558877944946e-01
3.059155344963073730e-01
-3.582771420478820801e-01
-2.022140771150588989e-01
1.759427785873413086e-01
4.016309380531311035e-01
6.213623657822608948e-02
9.288304485380649567e-03
3.371579945087432861e-01
3.528355360031127930e-01
-2.560625076293945312e-01
3.135643005371093750e-01
-1.580473184585571289e-01
-1.746474206447601318e-01
-7.068029046058654785e-01
-1.478411555290222168e-01
2.835604846477508545e-01
-2.149063497781753540e-01
-8.094038814306259155e-02
-6.478370428085327148e-01
-4.704368710517883301e-01
-5.893701314926147461e-01
-9.963721036911010742e-02
4.761387407779693604e-01
2.722476422786712646e-01
-4.750761687755584717e-01
-4.408662021160125732e-01
-1.138417422771453857e-01
-8.300517499446868896e-02
-3.795899748802185059e-01
1.050906926393508911e-01
-5.612769722938537598e-01
3.993732929229736328e-01
-2.992759644985198975e-01
3.987063840031623840e-02
3.597630560398101807e-01
-5.832522511482238770e-01
2.898470461368560791e-01
2.451401203870773315e-02
-1.938511803746223450e-02
4.346559047698974609e-01
4.192537069320678711e-01
-8.421381115913391113e-01
-1.878957897424697876e-01
3.825496733188629150e-01
9.733925759792327881e-02
-2.077351361513137817e-01
-3.746224567294120789e-03
2.671469151973724365e-01
-3.638837337493896484e-01
