7.743773516267538071e-03
-9.182097911834716797e-01
1.990521699190139771e-01
-7.248582243919372559e-01
-2.719662785530090332e-01
-3.546412587165832520e-01
7.562139630317687988e-02
5.162456259131431580e-02
3.888229429721832275e-01
4.923461973667144775e-01
-1.505281031131744385e-01
-1.288534402847290039e-01
4.656116664409637451e-01
-1.685776710510253906e-01
5.183517336845397949e-01
1.176364183425903320e+00
-5.727533698081970215e-01
9.148260951042175293e-01
-1.837997585535049438e-01
6.567686200141906738e-01
2.005342394113540649e-01
-2.921550273895263672e-01
-2.247277945280075073e-01
1.205530166625976562e-01
-5.936779975891113281e-01
1.485946178436279297e-01
-2.524471879005432129e-01
4.209273755550384521e-01
5.776832103729248047e-01
-1.906008571386337280e-01
1.714013069868087769e-01
-1.025439128279685974e-01
-1.101194769144058228e-01
1.307522207498550415e-01
-7.924590259790420532e-02
-3.024271130561828613e-01
-2.570264935493469238e-01
-1.538322418928146362e-01
3.599081337451934814e-01
5.317053571343421936e-02
-7.088404297828674316e-01
6.650251150131225586e-02
-7.805750370025634766e-01
-1.564866304397583008e-01
4.779562950134277344e-01
1.458364427089691162e-01
8.651357293128967285e-01
-9.558531641960144043e-02
1.384314033202826977e-03
-7.613936811685562134e-02
-2.189701795578002930e-01
-2.053037285804748535e-01
5.938417315483093262e-01
-2.673920691013336182e-01
6.966651082038879395e-01
4.864162802696228027e-01
7.028191685676574707e-01
1.017103672027587891e+00
3.562560975551605225e-01
2.194996364414691925e-02
-2.418126314878463745e-01
-6.905903667211532593e-02
3.339041471481323242e-01
6.781795024871826172e-01
-4.042429029941558838e-01
7.089491002261638641e-03
-5.432755351066589355e-01
6.234412789344787598e-01
2.967514395713806152e-01
-4.271588325500488281e-01
-2.891187071800231934e-01
-4.746325910091400146e-01
3.805894255638122559e-01
4.646002128720283508e-02
-4.760916233062744141e-01
-5.122706294059753418e-01
1.638442724943161011e-01
3.274586200714111328e-01
-6.405537724494934082e-01
4.824334383010864258e-01
2.490465641021728516e-01
-4.392007589340209961e-01
4.768071174621582031e-01
1.178460866212844849e-01
6.414554119110107422e-01
-4.325313568115234375e-01
1.090877503156661987e-01
-7.056393623352050781e-01
5.699952244758605957e-01
-2.415254265069961548e-01
4.041312336921691895e-01
-5.589363574981689453e-01
-1.864899843931198120e-01
-8.873090744018554688e-01
1.836957037448883057e-01
-3.646370470523834229e-01
8.445535302162170410e-01
-5.856313705444335938e-01
2.885572612285614014e-01
-5.967977046966552734e-01
-1.981852650642395020e-01
-6.173597276210784912e-02
8.169686198234558105e-01
-1.900660395622253418e-01
-5.297322869300842285e-01
7.127044200897216797e-01
-4.496429562568664551e-01
-2.490438669919967651e-01
2.080956846475601196e-01
-4.673221409320831299e-01
-3.188412785530090332e-01
1.100689172744750977e-01
-6.570339798927307129e-01
4.038614630699157715e-01
1.921831816434860229e-01
-1.585647910833358765e-01
-2.081803381443023682e-01
-1.960746794939041138e-01
8.119604587554931641e-01
6.058636903762817383e-01
-9.126867651939392090e-01
1.872649639844894409e-01
4.892137050628662109e-01
-7.173559069633483887e-02
-3.113198578357696533e-01
1.950479894876480103e-01
4.859550893306732178e-01
-1.180954575538635254e+00
