9.223574772477149963e-03
-2.648766934871673584e-01
1.383809745311737061e-01
-1.253801435232162476e-01
-6.349872350692749023e-01
-3.157673031091690063e-02
-1.151710376143455505e-01
1.888890862464904785e-01
-1.759135574102401733e-01
2.178237289190292358e-01
3.022190630435943604e-01
-4.178624972701072693e-02
3.717692941427230835e-02
-7.469765096902847290e-02
3.000666797161102295e-01
-1.556054800748825073e-01
-1.244341284036636353e-01
1.601599752902984619e-01
-3.441470861434936523e-02
-1.900826841592788696e-01
-5.041691660881042480e-01
1.221225969493389130e-02
-3.315013647079467773e-02
-4.494243860244750977e-01
-4.864498972892761230e-01
-3.106957376003265381e-01
3.065519221127033234e-02
3.958214521408081055e-01
2.565106153488159180e-01
-1.123189032077789307e-01
-3.258910775184631348e-01
1.060953587293624878e-01
2.456824528053402901e-03
-6.406740844249725342e-02
-1.686068177223205566e-01
-4.196766763925552368e-02
-4.914748016744852066e-03
5.115537643432617188e-01
6.502608060836791992e-01
-2.873555421829223633e-01
-1.627351194620132446e-01
5.239531993865966797e-01
-1.609382033348083496e-01
2.283138930797576904e-01
1.836007088422775269e-01
3.363967835903167725e-01
1.328204423189163208e-01
1.496469974517822266e-01
-1.570203900337219238e-02
-3.639118745923042297e-02
1.706715971231460571e-01
-1.940049678087234497e-01
5.072786211967468262e-01
1.864558607339859009e-01
4.453817307949066162e-01
6.727693080902099609e-01
4.079985618591308594e-01
-1.343806535005569458e-01
2.627618312835693359e-01
-3.114182651042938232e-01
-6.969626992940902710e-02
-1.103862300515174866e-01
2.803617715835571289e-01
-3.832354024052619934e-02
2.503279037773609161e-02
-6.368233822286128998e-03
6.921833753585815430e-02
-7.495791465044021606e-02
3.413394391536712646e-01
1.797965168952941895e-02
-2.725906297564506531e-02
-1.912732236087322235e-02
-7.617046833038330078e-01
3.667151629924774170e-01
-2.343338280916213989e-01
-1.038942933082580566e-01
3.986141383647918701e-01
1.385688185691833496e-01
-1.458695437759160995e-02
9.235414862632751465e-01
3.866582214832305908e-01
4.602282121777534485e-02
4.366762638092041016e-01
2.208422273397445679e-01
-1.240131184458732605e-01
4.786061048507690430e-01
8.084511756896972656e-01
-1.526159495115280151e-01
3.744383454322814941e-01
3.459474146366119385e-01
-1.499593853950500488e-01
3.774013742804527283e-02
-3.620419278740882874e-02
3.760417401790618896e-01
3.035280406475067139e-01
-4.621063768863677979e-01
-4.201302230358123779e-01
-5.780681967735290527e-01
-5.704209581017494202e-02
-8.968069404363632202e-02
-6.094540357589721680e-01
2.502130270004272461e-01
2.250286787748336792e-01
7.756689935922622681e-02
-2.606285512447357178e-01
1.002030074596405029e-01
-1.140694469213485718e-01
-5.617879033088684082e-01
-1.050893776118755341e-02
-3.591907620429992676e-01
3.046180866658687592e-02
2.507156729698181152e-01
2.716137468814849854e-01
1.812540739774703979e-01
-6.410750001668930054e-02
2.158785909414291382e-01
-3.427044451236724854e-01
3.681748509407043457e-01
3.273793160915374756e-01
6.210165843367576599e-02
-4.598942399024963379e-01
-2.210295349359512329e-01
-2.452412545680999756e-01
2.015567272901535034e-01
-3.189551085233688354e-02
-4.742145240306854248e-01
-3.555999696254730225e-01
1.885935515165328979e-01
