-1.592002362012863159e-01
2.991871833801269531e-01
3.429880142211914062e-01
4.567290544509887695e-01
4.900296032428741455e-02
-1.133972555398941040e-01
-2.759811580181121826e-01
-1.546552479267120361e-01
4.851192235946655273e-01
1.402935385704040527e-01
-1.918340623378753662e-01
-1.767074614763259888e-01
-4.356775879859924316e-01
-7.311613857746124268e-02
4.507161378860473633e-01
-2.153932303190231323e-01
-3.756777048110961914e-01
6.076174378395080566e-01
-5.045503377914428711e-03
-1.573490500450134277e-01
3.890326991677284241e-02
2.503133118152618408e-01
-1.194423064589500427e-01
6.167535185813903809e-01
3.910491243004798889e-02
8.480931818485260010e-02
-1.643011718988418579e-01
-4.236452281475067139e-01
1.455981284379959106e-01
-1.275604590773582458e-02
-4.803637862205505371e-01
-4.730121791362762451e-02
3.363195061683654785e-01
5.082026720046997070e-01
3.770684823393821716e-02
4.261623322963714600e-01
-3.952620318159461021e-04
1.281996220350265503e-01
3.946441113948822021e-01
-5.367481335997581482e-02
1.526175439357757568e-01
7.168162465095520020e-01
-2.928145229816436768e-01
2.856986820697784424e-01
-1.915815174579620361e-01
5.105600357055664062e-01
-4.427489638328552246e-02
1.494930535554885864e-01
2.075881361961364746e-01
-3.123375475406646729e-01
1.768869608640670776e-01
6.434027850627899170e-02
2.661496400833129883e-01
5.467746257781982422e-01
1.570221632719039917e-01
-4.056309908628463745e-02
-3.319346606731414795e-01
4.177225008606910706e-02
-7.744663208723068237e-02
3.905703425407409668e-01
3.470080671831965446e-03
-5.279548000544309616e-03
3.402706980705261230e-01
3.369526863098144531e-01
-1.833335459232330322e-01
7.815715670585632324e-01
3.819373250007629395e-01
1.905785351991653442e-01
3.115361332893371582e-01
-4.013679623603820801e-01
2.612088620662689209e-01
-4.059911072254180908e-01
-8.766517043113708496e-01
7.150064408779144287e-02
3.654311597347259521e-01
-4.383143186569213867e-01
4.089834690093994141e-01
-8.700448274612426758e-02
-3.792425096035003662e-01
6.999745965003967285e-01
1.363018155097961426e-01
1.341515779495239258e-01
-1.138325929641723633e-01
-3.481277450919151306e-02
-3.781325519084930420e-01
-2.928230762481689453e-01
2.221025228500366211e-01
-5.334187746047973633e-01
6.538736820220947266e-01
-4.973232150077819824e-01
-4.567738473415374756e-01
-1.397057473659515381e-01
2.440350130200386047e-02
-1.781549453735351562e-01
8.324609994888305664e-01
2.465081214904785156e-02
-5.976180434226989746e-01
-2.929717004299163818e-01
5.465619564056396484e-01
-3.975003659725189209e-01
-3.596776723861694336e-01
4.224484860897064209e-01
2.731875181198120117e-01
2.368220686912536621e-01
-8.836050331592559814e-02
-2.514268755912780762e-01
1.081066858023405075e-02
-2.960003614425659180e-01
3.952664136886596680e-01
-5.544192790985107422e-01
5.975388884544372559e-01
-5.997381806373596191e-01
-6.371042132377624512e-01
2.417273223400115967e-01
-7.297484874725341797e-01
2.692419886589050293e-01
-1.528869420289993286e-01
-2.334473878145217896e-01
5.716389417648315430e-01
6.695094108581542969e-01
-9.743643403053283691e-01
-3.805537223815917969e-01
3.494150936603546143e-01
-3.025089502334594727e-01
-4.404085576534271240e-01
-3.836556971073150635e-01
1.426195055246353149e-01
-2.254004776477813721e-01
