-5.304490923881530762e-01
-9.737665057182312012e-01
4.706305265426635742e-01
-3.862899902742356062e-04
1.034115850925445557e-01
9.943827241659164429e-02
-2.302852123975753784e-01
6.663986444473266602e-01
7.681509852409362793e-02
-3.723890781402587891e-01
-3.854892849922180176e-01
-6.677241325378417969e-01
3.465293347835540771e-01
-2.105166912078857422e-01
5.743183493614196777e-01
-1.008427366614341736e-01
-4.585891664028167725e-01
4.078805446624755859e-01
-1.786244213581085205e-01
-6.062847096472978592e-03
2.111882269382476807e-01
-4.559439420700073242e-01
-1.588072925806045532e-01
-9.600625634193420410e-01
-3.450204133987426758e-01
5.175722017884254456e-02
2.944771014153957367e-02
-8.952696323394775391e-01
1.925717145204544067e-01
9.403046965599060059e-02
-2.000521123409271240e-01
-8.135763555765151978e-02
-2.383164912462234497e-01
4.826337397098541260e-01
2.276537269353866577e-01
1.018576920032501221e-01
-5.369690656661987305e-01
7.162086963653564453e-01
2.184555232524871826e-01
2.130491137504577637e-01
7.992721349000930786e-02
-1.739421486854553223e-01
-1.658538170158863068e-02
-1.049955263733863831e-01
1.450161039829254150e-01
4.931288957595825195e-01
-3.642564415931701660e-01
1.119871623814105988e-02
-6.820884533226490021e-03
-3.598602414131164551e-01
-8.548706769943237305e-03
-1.219587549567222595e-01
-2.277743816375732422e-02
4.634813666343688965e-01
9.004954099655151367e-01
6.707877516746520996e-01
2.829144895076751709e-01
-1.241847202181816101e-01
-1.018043532967567444e-01
-8.361090719699859619e-02
2.236741036176681519e-01
-5.105757713317871094e-01
-4.206749796867370605e-02
-1.173484101891517639e-01
-5.236672163009643555e-01
-2.344575971364974976e-01
4.641755521297454834e-01
3.849529922008514404e-01
-2.585301995277404785e-01
3.718097880482673645e-02
2.788443565368652344e-01
-2.957256734371185303e-01
-9.014110565185546875e-01
-9.633414447307586670e-03
-3.155685067176818848e-01
-2.280977368354797363e-01
2.688199877738952637e-01
9.027641266584396362e-02
6.007329225540161133e-01
2.904744148254394531e-01
2.120511829853057861e-01
-1.940610632300376892e-02
1.405694931745529175e-01
4.028841257095336914e-01
6.520583629608154297e-01
1.414156705141067505e-01
5.075392723083496094e-01
-3.446115553379058838e-01
6.348994374275207520e-01
-1.229165028780698776e-02
4.571673646569252014e-02
1.079787313938140869e-02
-4.165724217891693115e-01
1.298941075801849365e-01
6.336164474487304688e-01
5.296921730041503906e-01
-7.421674728393554688e-01
-1.260365962982177734e+00
7.543788552284240723e-01
-6.238454580307006836e-01
-6.259625554084777832e-01
6.254632472991943359e-01
2.256353758275508881e-02
-1.648575067520141602e-01
1.157790720462799072e-01
1.298752427101135254e-01
-1.071730628609657288e-01
-2.984239459037780762e-01
5.782846808433532715e-01
-7.553871273994445801e-01
-1.064255908131599426e-01
-9.075422585010528564e-02
4.767562076449394226e-02
-7.439290732145309448e-02
9.719507396221160889e-02
-4.762678444385528564e-01
9.859728068113327026e-02
-7.882829755544662476e-02
1.485736519098281860e-01
7.001627683639526367e-01
-1.857846975326538086e-02
2.044706940650939941e-01
-2.384100407361984253e-01
2.188013643026351929e-01
-2.635195255279541016e-01
-1.632321625947952271e-01
-5.897952914237976074e-01
-6.779770553112030029e-02
