9.415054321289062500e-02
-5.023035407066345215e-02
1.454326957464218140e-01
-1.747190356254577637e-01
-1.945801079273223877e-01
3.421049937605857849e-02
-1.616235077381134033e-02
1.536810845136642456e-01
-1.869944036006927490e-01
-5.398841202259063721e-02
2.355206012725830078e-01
-3.880288600921630859e-01
-1.348754316568374634e-01
-3.744930624961853027e-01
2.984622716903686523e-01
-4.779215455055236816e-01
-4.836273193359375000e-02
3.683274090290069580e-01
-1.805806159973144531e-02
-5.899748206138610840e-02
-1.503158807754516602e-01
2.139612734317779541e-01
3.939591944217681885e-01
3.008275032043457031e-01
-4.031695425510406494e-01
-1.861561238765716553e-01
3.711790740489959717e-01
3.945632651448249817e-02
-4.118119925260543823e-02
-2.522671520709991455e-01
-4.709984362125396729e-01
-4.352806881070137024e-02
-9.243480861186981201e-02
7.926690578460693359e-02
1.511466950178146362e-01
-3.816507756710052490e-01
-2.429545857012271881e-02
4.128905236721038818e-01
3.784552514553070068e-01
-3.245033919811248779e-01
6.167326867580413818e-02
8.606024086475372314e-02
-3.990921080112457275e-01
4.103770852088928223e-02
3.663288056850433350e-01
3.361522257328033447e-01
2.497341036796569824e-01
-2.179655432701110840e-01
-9.277575463056564331e-02
-1.767129451036453247e-01
2.207965254783630371e-01
1.519733071327209473e-01
4.041286110877990723e-01
1.633556485176086426e-01
4.669684767723083496e-01
3.797205686569213867e-01
5.274163931608200073e-02
-1.039475798606872559e-01
3.915479779243469238e-02
2.058524638414382935e-02
1.879085749387741089e-01
1.608977913856506348e-01
4.314154982566833496e-01
-1.207086443901062012e-01
-8.268147706985473633e-02
-6.920105963945388794e-02
-1.791787743568420410e-01
7.655245065689086914e-02
1.992949051782488823e-03
-5.382372140884399414e-01
1.709679216146469116e-01
2.445222064852714539e-02
-3.311110436916351318e-01
-1.393487155437469482e-01
-3.129428625106811523e-01
-3.743684291839599609e-01
-1.326429396867752075e-01
1.035069897770881653e-01
-1.424515396356582642e-01
4.613060355186462402e-01
1.989343315362930298e-01
-4.841313231736421585e-03
2.213598191738128662e-01
4.089414775371551514e-01
9.131322801113128662e-02
-5.869297683238983154e-02
6.494049429893493652e-01
-4.179910719394683838e-01
4.279222786426544189e-01
4.853602051734924316e-01
-2.453497797250747681e-01
-5.178974196314811707e-02
-9.821823798120021820e-03
-4.890494421124458313e-02
2.296853065490722656e-01
-1.926311403512954712e-01
-4.608213901519775391e-01
-3.794937133789062500e-01
1.747713834047317505e-01
-6.694864481687545776e-02
-5.409874394536018372e-02
8.061538636684417725e-02
4.717282056808471680e-01
-2.580287493765354156e-02
-1.296663880348205566e-01
3.755235671997070312e-02
-6.075594946742057800e-02
-2.533274590969085693e-01
2.773047387599945068e-01
-5.416765213012695312e-01
1.557435691356658936e-01
-8.654925040900707245e-03
1.174724549055099487e-01
2.375798672437667847e-01
-1.332955956459045410e-01
-1.052110642194747925e-01
2.591704130172729492e-01
4.062373042106628418e-01
2.003144472837448120e-02
1.046368777751922607e-01
-2.508137822151184082e-01
-2.771313786506652832e-01
1.880739629268646240e-01
-9.979324787855148315e-02
-2.057716995477676392e-01
-4.210537075996398926e-01
-8.952808380126953125e-02
-3.633619546890258789e-01
