6.471551060676574707e-01
2.711575627326965332e-01
1.272177398204803467e-01
2.131971865892410278e-01
-1.051235944032669067e-01
-1.884189844131469727e-01
-4.993989169597625732e-01
2.300815731287002563e-01
1.141932234168052673e-01
-8.252369612455368042e-02
2.485620826482772827e-01
-1.526329666376113892e-01
-3.005566895008087158e-01
-1.625230722129344940e-02
-2.007203921675682068e-02
-3.559071719646453857e-01
-7.144801616668701172e-01
7.691214084625244141e-01
1.309993565082550049e-01
-2.496041804552078247e-01
-1.068621054291725159e-01
1.842321306467056274e-01
3.917032107710838318e-02
-1.335500180721282959e-01
3.480559214949607849e-02
4.899049103260040283e-01
2.646745741367340088e-01
1.131815388798713684e-01
-1.190061047673225403e-01
-4.398755133152008057e-01
-2.540016174316406250e-01
-8.283674716949462891e-02
-1.592073775827884674e-02
-1.235258728265762329e-01
1.367508471012115479e-01
-4.168536365032196045e-01
3.392992541193962097e-02
5.758821368217468262e-01
4.339777827262878418e-01
-3.795176148414611816e-01
6.129607185721397400e-02
7.789850980043411255e-02
-2.894370853900909424e-01
1.628051251173019409e-01
-7.178463786840438843e-02
1.253542900085449219e-01
2.031832635402679443e-01
-1.469938158988952637e-01
-5.036159604787826538e-02
-2.881785631179809570e-01
5.773085355758666992e-01
-1.074018403887748718e-01
3.238591551780700684e-01
-1.454926729202270508e-01
3.106903135776519775e-01
7.991493344306945801e-01
1.702977418899536133e-01
-1.443565785884857178e-01
1.623361557722091675e-01
-3.194942772388458252e-01
1.854757070541381836e-01
7.301995158195495605e-02
2.285317778587341309e-01
1.157839223742485046e-02
-2.132895290851593018e-01
-8.564045280218124390e-02
-2.723212838172912598e-01
4.418955147266387939e-01
4.414730072021484375e-01
-6.347033381462097168e-01
1.420458965003490448e-02
3.150058090686798096e-01
-4.298321902751922607e-02
-2.629885375499725342e-01
-1.116705760359764099e-01
-4.637194573879241943e-01
2.638814449310302734e-01
1.479907482862472534e-01
2.643096446990966797e-01
-5.277780443429946899e-02
2.060951590538024902e-01
-6.370774004608392715e-03
3.809478282928466797e-01
2.822622656822204590e-01
-3.232312947511672974e-02
3.213142603635787964e-02
6.187652945518493652e-01
-1.102359294891357422e-01
5.721447467803955078e-01
2.739158868789672852e-01
-1.765150129795074463e-01
-2.739558517932891846e-01
-1.303833425045013428e-01
-1.358501017093658447e-01
5.174378156661987305e-01
-1.880644261837005615e-01
-5.755394697189331055e-01
-9.185449481010437012e-01
-4.767883419990539551e-01
-2.083301544189453125e-01
-3.415186703205108643e-01
5.679256916046142578e-01
8.995357155799865723e-01
-1.989861428737640381e-01
-3.821721673011779785e-01
5.019915476441383362e-02
5.170528218150138855e-02
1.174509897828102112e-01
-1.416735537350177765e-02
-5.420152544975280762e-01
3.580319881439208984e-01
7.069319020956754684e-03
5.540665388107299805e-01
-2.027796804904937744e-01
-1.561342328786849976e-01
-5.471305921673774719e-03
-5.109013989567756653e-03
3.742163777351379395e-01
1.095881238579750061e-01
4.145701229572296143e-01
-2.627262175083160400e-01
1.858152635395526886e-02
2.775143980979919434e-01
4.401943683624267578e-01
-3.007383942604064941e-01
-2.518113255500793457e-01
4.274518489837646484e-01
-1.499001532793045044e-01
