-8.703357577323913574e-01
-5.800158977508544922e-01
-7.547979801893234253e-02
-7.720360755920410156e-01
3.971328437328338623e-01
-3.208501935005187988e-01
5.707269906997680664e-01
-3.226742148399353027e-02
-8.782563805580139160e-01
-4.539430886507034302e-02
-7.843781262636184692e-03
5.515853166580200195e-01
-5.433737039566040039e-01
-2.026244848966598511e-01
9.552767872810363770e-01
-1.370686292648315430e-01
-1.718318462371826172e-01
2.301036566495895386e-01
6.388413906097412109e-02
4.587354660034179688e-01
1.280581355094909668e-01
-4.060379564762115479e-01
-9.814979508519172668e-03
-1.528494060039520264e-01
-1.419469863176345825e-01
3.009426295757293701e-01
3.759732246398925781e-01
-1.891839057207107544e-01
2.050253152847290039e-01
-3.644905611872673035e-02
-4.014769494533538818e-01
-7.564116120338439941e-01
1.897174865007400513e-01
-1.131930574774742126e-01
9.559228271245956421e-02
4.307462275028228760e-01
-3.191927671432495117e-01
3.299039006233215332e-01
2.136204391717910767e-01
-3.086778521537780762e-01
-3.383034169673919678e-01
-1.964773237705230713e-01
-3.455870151519775391e-01
2.438823133707046509e-01
-3.942331671714782715e-01
1.697951406240463257e-01
-3.934935331344604492e-01
-3.519763052463531494e-01
9.884376823902130127e-02
-4.087319672107696533e-01
1.542715281248092651e-01
-1.637118011713027954e-01
-8.322667330503463745e-02
4.917594417929649353e-02
3.548919260501861572e-01
4.067269265651702881e-01
1.658729016780853271e-01
2.135296016931533813e-01
-4.977561905980110168e-02
-2.487762272357940674e-02
-1.154405251145362854e-01
1.279656440019607544e-01
2.762347757816314697e-01
2.124807536602020264e-01
3.397741317749023438e-01
4.054679274559020996e-01
-7.936145365238189697e-02
7.497635483741760254e-01
4.053567945957183838e-01
-1.187849417328834534e-01
1.944773942232131958e-01
-9.062753319740295410e-01
2.443432211875915527e-01
3.813648819923400879e-01
-7.111907005310058594e-02
-3.150375485420227051e-01
1.119029521942138672e-01
4.590007662773132324e-01
-2.352068424224853516e-01
1.250151991844177246e-01
-1.303262412548065186e-01
-5.491725802421569824e-01
-3.472793996334075928e-01
1.384861860424280167e-02
-1.699330359697341919e-01
-6.139718294143676758e-01
7.189043760299682617e-01
4.244424030184745789e-02
3.835670948028564453e-01
1.368824541568756104e-01
-4.299952089786529541e-01
-6.173768639564514160e-01
-6.697019934654235840e-02
9.707710146903991699e-02
-1.565007120370864868e-01
-2.863518595695495605e-01
1.419803798198699951e-01
-7.807724475860595703e-01
-1.035842075943946838e-01
5.213909149169921875e-01
-8.368311524391174316e-01
2.906469404697418213e-01
-3.381711244583129883e-02
3.945060968399047852e-01
-2.863092720508575439e-02
8.225341141223907471e-02
-4.059732556343078613e-01
-3.881384432315826416e-01
3.577593266963958740e-01
-1.605241298675537109e-01
-3.273800909519195557e-01
-5.877684354782104492e-01
-4.891979694366455078e-01
6.820307970046997070e-01
1.616010963916778564e-01
7.897772789001464844e-01
-1.129791066050529480e-01
3.145724534988403320e-01
3.200582563877105713e-01
4.637981653213500977e-01
-2.469817847013473511e-01
-5.180506780743598938e-02
-5.037983655929565430e-01
4.881098866462707520e-02
-3.437332212924957275e-01
-1.092002630233764648e+00
-3.011543750762939453e-01
-1.671179980039596558e-01
