7.406007647514343262e-01
3.941814899444580078e-01
1.080002903938293457e+00
-4.111489951610565186e-01
6.981170177459716797e-02
1.001554280519485474e-01
8.776361495256423950e-02
7.834997028112411499e-02
6.259085536003112793e-01
4.143405333161354065e-02
2.200447320938110352e-01
-3.511824905872344971e-01
-3.643183708190917969e-01
-2.718481123447418213e-01
-6.443353295326232910e-01
-1.009681969881057739e-01
-5.985014885663986206e-02
3.818347752094268799e-01
1.457176059484481812e-01
-9.717805683612823486e-02
1.686833649873733521e-01
-3.604177385568618774e-02
1.097744852304458618e-01
1.651030629873275757e-01
-1.488177776336669922e-01
1.603349894285202026e-01
-1.049061119556427002e-01
7.912092208862304688e-01
3.490854203701019287e-01
6.923723816871643066e-01
-4.073007106781005859e-01
-5.564870685338973999e-02
-5.564661622047424316e-01
9.675607830286026001e-02
-2.363726496696472168e-01
-9.150990098714828491e-02
-2.769607007503509521e-01
-3.633214831352233887e-01
1.500525623559951782e-01
1.812999695539474487e-01
2.156533859670162201e-02
2.985765933990478516e-01
-1.337936520576477051e-01
1.233640238642692566e-01
2.198037058115005493e-01
6.851960718631744385e-02
9.759252518415451050e-02
-3.285798728466033936e-01
-5.422775149345397949e-01
-4.579805731773376465e-01
1.965961009263992310e-01
-1.159059703350067139e-01
8.381634205579757690e-02
-2.741639688611030579e-02
1.023618727922439575e-01
3.080983161926269531e-01
-6.569699048995971680e-01
-4.916165769100189209e-01
3.667711317539215088e-01
4.298552274703979492e-01
3.655870854854583740e-01
-4.235683977603912354e-01
-5.130491852760314941e-01
4.432257115840911865e-01
-2.228315472602844238e-01
-7.075143456459045410e-01
-3.453561365604400635e-01
1.419226974248886108e-01
-2.119785249233245850e-01
-1.272552758455276489e-01
-2.287107408046722412e-01
-2.207618504762649536e-01
1.011984348297119141e-01
-5.523897409439086914e-01
-1.263977438211441040e-01
2.874478399753570557e-01
1.832756698131561279e-01
-1.038577556610107422e-01
4.534761607646942139e-01
3.612167239189147949e-01
7.442595064640045166e-02
-4.628004729747772217e-01
5.937862992286682129e-01
-2.335276156663894653e-01
-3.628624379634857178e-01
-4.758979082107543945e-01
5.963981151580810547e-01
-7.153645753860473633e-01
-1.346832215785980225e-01
-3.524651825428009033e-01
-2.005946338176727295e-01
-6.199909448623657227e-01
-2.520905137062072754e-01
2.999249100685119629e-01
-2.299734055995941162e-01
-3.489349186420440674e-01
-3.595425486564636230e-01
-1.948646083474159241e-02
5.296729877591133118e-02
-6.054341793060302734e-01
-1.200467273592948914e-01
-6.933326367288827896e-03
5.606630444526672363e-01
2.651220858097076416e-01
-4.432088136672973633e-01
-4.061889946460723877e-01
5.230959653854370117e-01
-7.619185447692871094e-01
4.127684235572814941e-01
6.738109886646270752e-02
4.150488376617431641e-01
-1.904973238706588745e-01
-1.027201637625694275e-01
1.526455730199813843e-01
-2.907466292381286621e-01
4.818312525749206543e-01
-6.099784970283508301e-01
3.079127054661512375e-03
1.901811957359313965e-01
9.562417268753051758e-01
-2.236242294311523438e-01
8.073692321777343750e-01
-2.763424217700958252e-01
-1.404377724975347519e-02
-3.815919458866119385e-01
-3.482318222522735596e-01
1.665613353252410889e-01
-4.621964991092681885e-01
