2.148666232824325562e-01
-6.504062563180923462e-03
2.352923601865768433e-01
-1.386909931898117065e-01
-2.395893782377243042e-01
1.223780661821365356e-01
-1.384153962135314941e-01
3.445693850517272949e-01
-1.061976477503776550e-01
1.337617039680480957e-01
4.079929888248443604e-01
-2.367877364158630371e-01
-1.408111155033111572e-01
5.067611485719680786e-02
2.179923802614212036e-01
-3.250532150268554688e-01
-2.841758131980895996e-01
2.621195018291473389e-01
1.450588405132293701e-01
-2.194031178951263428e-01
6.152545660734176636e-02
-2.403880357742309570e-01
1.849777847528457642e-01
-3.464867174625396729e-02
-4.423734247684478760e-01
8.966223150491714478e-02
1.169459372758865356e-01
-3.515094518661499023e-02
1.163798719644546509e-01
-2.008877135813236237e-02
-1.990202963352203369e-01
7.664761040359735489e-03
6.431307177990674973e-03
2.081632241606712341e-02
-1.111743748188018799e-01
1.978286504745483398e-01
-5.654232203960418701e-02
5.654699802398681641e-01
2.400293499231338501e-01
2.098535560071468353e-02
-1.356407403945922852e-01
2.757654786109924316e-01
-7.171858102083206177e-03
2.185427993535995483e-01
-7.329844683408737183e-02
-1.196102127432823181e-01
7.745821028947830200e-02
-4.379682615399360657e-02
1.199509203433990479e-01
4.510831460356712341e-02
6.090218201279640198e-02
2.395935058593750000e-01
3.213910162448883057e-01
3.429000973701477051e-01
2.041709423065185547e-01
3.695100247859954834e-01
6.145302951335906982e-02
-2.465219981968402863e-02
-5.205454677343368530e-02
-4.114138334989547729e-02
9.099423140287399292e-02
-1.210876181721687317e-01
2.194506824016571045e-01
1.573992818593978882e-01
-1.023078709840774536e-01
-8.560428768396377563e-02
-1.214350014925003052e-02
1.759641319513320923e-01
-3.088397160172462463e-02
-2.350909635424613953e-02
1.766940653324127197e-01
-4.557494446635246277e-02
-5.804960131645202637e-01
-4.796425625681877136e-02
1.688507199287414551e-01
1.002739667892456055e-01
1.534773129969835281e-02
6.373112089931964874e-03
3.821135684847831726e-02
1.917313337326049805e-01
3.730534389615058899e-02
-2.367821708321571350e-02
-8.371625095605850220e-03
1.195656359195709229e-01
-3.895534202456474304e-02
-1.150975301861763000e-01
2.585690915584564209e-01
-2.566115260124206543e-01
-1.132630556821823120e-01
1.110851839184761047e-01
-3.689976334571838379e-01
3.557901829481124878e-02
-2.150901108980178833e-01
-1.736928373575210571e-01
6.235553026199340820e-01
-1.227972134947776794e-01
-2.575144171714782715e-01
-3.547086119651794434e-01
-3.967989608645439148e-02
-8.280953019857406616e-02
-2.190525829792022705e-01
3.574156761169433594e-01
4.554317891597747803e-01
-1.515443772077560425e-01
-9.542927145957946777e-02
-3.168024718761444092e-01
8.777131140232086182e-02
-9.268033504486083984e-02
-5.432680994272232056e-02
-2.440571486949920654e-01
2.806789577007293701e-01
-2.618687450885772705e-01
-2.469539642333984375e-02
1.009456589818000793e-01
-1.709652394056320190e-01
1.833407133817672729e-01
-1.889903098344802856e-01
1.795282363891601562e-01
2.868135273456573486e-02
5.989737510681152344e-01
-1.457612216472625732e-01
-4.331607371568679810e-02
-1.050677597522735596e-01
1.353929638862609863e-01
-2.253714501857757568e-01
-1.917221546173095703e-01
-2.020134925842285156e-01
-1.392221152782440186e-01
