8.530934154987335205e-02
3.600375950336456299e-01
1.424073427915573120e-01
-5.493896603584289551e-01
-1.255581378936767578e-01
-4.503250494599342346e-02
-4.519920796155929565e-02
4.767521321773529053e-01
-2.755036652088165283e-01
-8.091039657592773438e-01
3.351805806159973145e-01
-1.813737154006958008e-01
3.336526826024055481e-02
-3.374854326248168945e-01
2.694673836231231689e-01
-2.598519921302795410e-01
2.455739378929138184e-01
3.130704462528228760e-01
6.165866553783416748e-02
-2.870991826057434082e-01
2.870170176029205322e-01
-1.379328072071075439e-01
-2.146574109792709351e-02
3.942811787128448486e-01
-3.986125886440277100e-01
3.752086758613586426e-01
2.094537913799285889e-01
5.614467263221740723e-01
3.686173856258392334e-01
-6.561952829360961914e-01
1.683366447687149048e-01
-1.027646958827972412e-01
-7.416682690382003784e-02
2.989564836025238037e-01
2.267477214336395264e-01
2.033414989709854126e-01
4.331866502761840820e-01
3.469371795654296875e-01
8.137320727109909058e-02
-1.878554672002792358e-01
-2.497390955686569214e-01
2.213204056024551392e-01
-3.165160417556762695e-01
-2.602952122688293457e-01
3.203476965427398682e-01
2.066811770200729370e-01
8.512099087238311768e-02
-4.799749702215194702e-03
-3.136213719844818115e-01
2.813178300857543945e-01
4.807441681623458862e-02
4.510512650012969971e-01
3.139769732952117920e-01
-4.386625066399574280e-02
3.900815546512603760e-01
8.554310202598571777e-01
4.290373623371124268e-01
4.627402722835540771e-01
-2.584929466247558594e-01
1.600323915481567383e-01
6.979785114526748657e-02
-1.897359788417816162e-01
-6.242950633168220520e-02
-3.807468414306640625e-01
2.105097919702529907e-01
-1.859909594058990479e-01
-4.045996665954589844e-01
4.953385591506958008e-01
3.040374815464019775e-01
-1.107496395707130432e-01
1.779584735631942749e-01
2.458133101463317871e-01
-2.395586371421813965e-01
3.246941417455673218e-02
-4.538333450909703970e-04
-5.243604183197021484e-01
2.184151858091354370e-01
2.988380789756774902e-01
-3.659460246562957764e-01
2.922278046607971191e-01
-4.888958334922790527e-01
-2.074181586503982544e-01
4.751618206501007080e-01
9.691268205642700195e-01
3.822853267192840576e-01
-2.008016258478164673e-01
8.167259395122528076e-02
5.646255612373352051e-02
4.383149743080139160e-01
4.157789424061775208e-02
-3.083253502845764160e-01
5.861254036426544189e-02
-1.114062219858169556e-01
1.700017303228378296e-01
4.991165697574615479e-01
-4.585305750370025635e-01
-4.334910511970520020e-01
-8.969539403915405273e-01
-4.373050928115844727e-01
-3.628509640693664551e-01
-2.885432243347167969e-01
-8.390500396490097046e-02
7.173748314380645752e-02
1.941312998533248901e-01
-1.098375171422958374e-01
-4.207598567008972168e-01
-5.914559960365295410e-01
-3.683056235313415527e-01
5.382953882217407227e-01
-1.761023998260498047e-01
4.110745489597320557e-01
-2.706989645957946777e-01
1.725524961948394775e-01
1.806452572345733643e-01
2.506496310234069824e-01
3.182611465454101562e-01
3.772895336151123047e-01
-2.317992895841598511e-01
1.036574691534042358e-01
2.493207603693008423e-01
-7.950551509857177734e-01
1.441250592470169067e-01
3.523041307926177979e-01
-2.409943193197250366e-01
2.033441662788391113e-01
-8.467067480087280273e-01
4.226153790950775146e-01
-5.967920422554016113e-01
