6.528876423835754395e-01
4.188646674156188965e-01
8.661882281303405762e-01
-1.651835590600967407e-01
-1.876781135797500610e-01
9.528860449790954590e-02
3.529964089393615723e-01
-3.561356291174888611e-02
-3.270768746733665466e-02
-1.017243415117263794e-01
1.208650395274162292e-01
-3.570405244827270508e-01
-2.173577398061752319e-01
5.583246052265167236e-02
-2.073092609643936157e-01
-1.895722597837448120e-01
-4.651596248149871826e-01
5.665488243103027344e-01
2.310862243175506592e-01
-3.808406293392181396e-01
9.935445152223110199e-03
5.545476451516151428e-02
1.180380880832672119e-01
-1.043298691511154175e-01
-9.721329808235168457e-02
-4.549410939216613770e-01
-2.846994102001190186e-01
-1.406664550304412842e-01
3.893020749092102051e-01
-6.175895929336547852e-01
-3.219274282455444336e-01
-1.015998870134353638e-01
-4.328193068504333496e-01
3.362886309623718262e-01
-5.018863677978515625e-01
-6.032121181488037109e-01
-1.923562437295913696e-01
6.256309151649475098e-01
3.193734884262084961e-01
-2.889197766780853271e-01
2.295366302132606506e-02
1.785358935594558716e-01
-1.802029013633728027e-01
-9.513200074434280396e-02
1.033206656575202942e-01
6.024456024169921875e-01
2.460470944643020630e-01
-2.119435966014862061e-01
-2.729463577270507812e-01
-5.731640383601188660e-03
-1.473845392465591431e-01
-4.709592834115028381e-02
5.639186501502990723e-01
-1.450286954641342163e-01
2.396454066038131714e-01
6.796478629112243652e-01
-2.727340757846832275e-01
4.448998570442199707e-01
-5.272982642054557800e-02
-1.718550622463226318e-01
1.233231350779533386e-01
-1.641538590192794800e-01
-7.019107230007648468e-03
4.001818969845771790e-02
1.758068948984146118e-01
-4.147523045539855957e-01
-4.869262874126434326e-01
8.901165127754211426e-01
-3.931017965078353882e-02
-4.200314879417419434e-01
1.304260194301605225e-01
-6.351432800292968750e-01
-4.012946188449859619e-01
1.275953352451324463e-01
-2.178450077772140503e-01
-6.981014460325241089e-02
2.631983160972595215e-01
2.316504418849945068e-01
-8.033675700426101685e-02
-4.548360407352447510e-02
-2.823042683303356171e-02
-5.523787736892700195e-01
-2.325506322085857391e-02
1.691600084304809570e-01
-2.533082365989685059e-01
-2.037503868341445923e-01
5.816338658332824707e-01
-2.957349419593811035e-01
-1.016754582524299622e-01
2.641696035861968994e-01
-3.517096936702728271e-01
-4.188085794448852539e-01
-2.102039568126201630e-02
1.370041668415069580e-01
-8.306240290403366089e-02
-3.379330635070800781e-01
2.609296739101409912e-01
-5.708042383193969727e-01
1.615024656057357788e-01
-1.230114698410034180e-01
-2.042741775512695312e-01
6.704834103584289551e-01
8.138468265533447266e-01
-7.440266758203506470e-02
-5.533133447170257568e-02
-2.124556154012680054e-01
-1.767019480466842651e-01
-2.581991851329803467e-01
-1.191063504666090012e-02
-5.030416250228881836e-01
8.417176604270935059e-01
1.859806627035140991e-01
7.362600415945053101e-02
-1.667565107345581055e-01
-6.382796168327331543e-02
5.179092660546302795e-02
-1.409606076776981354e-02
3.031525015830993652e-01
2.947307527065277100e-01
6.542699933052062988e-01
-7.197403311729431152e-01
1.231877952814102173e-01
2.138062119483947754e-01
6.663714647293090820e-01
-2.121989428997039795e-01
-3.221292197704315186e-01
4.559510350227355957e-01
-2.708961963653564453e-01
