2.644123323261737823e-02
2.002700120210647583e-01
3.270727396011352539e-01
-4.302904307842254639e-01
-3.474836051464080811e-01
-3.403565287590026855e-01
1.218266785144805908e-01
4.568699896335601807e-01
-4.287241101264953613e-01
2.391369938850402832e-01
7.274085283279418945e-01
-1.655979603528976440e-01
-4.133113101124763489e-02
-8.017846196889877319e-02
-6.801014300435781479e-03
-3.155445158481597900e-01
-6.462196819484233856e-03
1.411416828632354736e-01
6.645500063896179199e-01
-2.111721634864807129e-01
-2.857989966869354248e-01
-2.112093865871429443e-01
1.018601581454277039e-01
2.308098375797271729e-01
-3.896037042140960693e-01
-1.825347691774368286e-01
5.652375817298889160e-01
-2.871492803096771240e-01
2.094243168830871582e-01
-3.470944762229919434e-01
9.793850034475326538e-02
-6.694174408912658691e-01
-1.266017854213714600e-01
-1.601147502660751343e-01
4.826876819133758545e-01
-1.262280046939849854e-01
-1.376051604747772217e-01
5.713611245155334473e-01
4.095773100852966309e-01
3.478335440158843994e-01
2.402475327253341675e-01
5.704464912414550781e-01
-3.278148472309112549e-01
7.046443819999694824e-01
2.757236957550048828e-01
5.067361593246459961e-01
7.190630584955215454e-02
-3.961846232414245605e-01
2.886771261692047119e-01
-2.176537811756134033e-01
2.000462859869003296e-01
-3.219262063503265381e-01
-3.735411539673805237e-02
3.328246064484119415e-03
4.351515471935272217e-01
1.429623216390609741e-01
-9.167924523353576660e-02
-1.617366373538970947e-01
4.200743511319160461e-03
-1.691886484622955322e-01
1.162632554769515991e-01
1.473621726036071777e-01
-1.263386458158493042e-01
-1.312903016805648804e-01
-1.527413874864578247e-01
1.815154850482940674e-01
5.434525609016418457e-01
1.125587373971939087e-01
1.128320246934890747e-01
-4.225276112556457520e-01
1.208036616444587708e-01
3.516621291637420654e-01
-2.939544022083282471e-01
-5.809544324874877930e-01
-4.679838940501213074e-02
-6.123920083045959473e-01
-2.235993444919586182e-01
4.723469316959381104e-01
-3.359555304050445557e-01
4.242247641086578369e-01
1.025684736669063568e-02
-3.206647038459777832e-01
3.840026855468750000e-01
2.772319614887237549e-01
7.724967002868652344e-01
3.110404610633850098e-01
4.734736979007720947e-01
-2.643596827983856201e-01
1.428506802767515182e-02
2.059849202632904053e-01
-2.117294967174530029e-01
-4.853634908795356750e-02
-2.068364322185516357e-01
1.090348586440086365e-01
5.732755661010742188e-01
-4.821963012218475342e-01
-6.184711456298828125e-01
-6.148725152015686035e-01
1.807423532009124756e-01
-8.590990304946899414e-01
-3.583460748195648193e-01
6.024857163429260254e-01
2.150273025035858154e-01
1.361014600843191147e-02
-1.211382672190666199e-01
3.505784571170806885e-01
-3.555544018745422363e-01
-6.124846637248992920e-02
3.278194740414619446e-02
-4.279848039150238037e-01
3.174006342887878418e-01
1.450218111276626587e-01
-1.593559235334396362e-01
2.535842955112457275e-01
-4.747868981212377548e-03
-2.241556346416473389e-02
1.085337251424789429e-01
2.091177403926849365e-01
1.201443076133728027e-01
-5.567998066544532776e-02
-3.813492655754089355e-01
1.633724421262741089e-01
2.713271975517272949e-01
-4.570398926734924316e-01
-1.621892303228378296e-02
-3.028028607368469238e-01
-1.724818050861358643e-01
-5.342205166816711426e-01
