-2.592957317829132080e-01
8.537285029888153076e-02
6.457278728485107422e-01
-3.612720221281051636e-02
4.023731052875518799e-01
-6.853551417589187622e-02
-6.485320925712585449e-01
-2.124087661504745483e-01
-3.449068665504455566e-01
2.687326073646545410e-01
-4.867323637008666992e-01
-2.767117917537689209e-01
-8.025171607732772827e-02
-1.594004184007644653e-01
6.327092647552490234e-01
-5.743535161018371582e-01
-8.371601104736328125e-01
-1.855741441249847412e-01
-6.062939018011093140e-02
-7.240115404129028320e-01
9.125586152076721191e-01
1.638471931219100952e-01
-5.907763242721557617e-01
-1.428739726543426514e-01
-3.537829220294952393e-01
-1.335180737078189850e-02
-8.330424427986145020e-01
-2.746985256671905518e-01
8.036535382270812988e-01
-2.176277041435241699e-01
-8.640373945236206055e-01
-2.450409680604934692e-01
4.593569412827491760e-02
2.656842172145843506e-01
-1.904782354831695557e-01
-2.342156171798706055e-01
3.177275508642196655e-02
2.887913882732391357e-01
6.636641621589660645e-01
2.377432584762573242e-01
-1.123690977692604065e-01
1.671564579010009766e-02
5.733804106712341309e-01
-8.226623535156250000e-01
8.393336534500122070e-01
1.223824471235275269e-01
9.646221995353698730e-02
3.539395928382873535e-01
1.778315454721450806e-01
5.010496973991394043e-01
-2.293957620859146118e-01
2.284296452999114990e-01
2.582204341888427734e-01
3.351547122001647949e-01
4.258426129817962646e-01
-4.384337365627288818e-02
2.270711660385131836e-01
6.821341812610626221e-02
-6.607740521430969238e-01
-1.235492527484893799e-01
-2.153800427913665771e-01
3.603711724281311035e-01
-3.413433209061622620e-02
3.230088353157043457e-01
3.040323257446289062e-01
5.870578289031982422e-01
-2.240543067455291748e-02
-7.662545442581176758e-01
-1.559523399919271469e-03
-2.685594856739044189e-01
-1.790279597043991089e-01
1.608693152666091919e-01
-4.682139158248901367e-01
-2.683347165584564209e-01
3.924154639244079590e-01
-7.181519865989685059e-01
2.674983441829681396e-01
-4.261686652898788452e-02
4.580138325691223145e-01
6.179649829864501953e-01
-1.695271879434585571e-01
-2.301557213068008423e-01
-2.890294492244720459e-01
4.469621181488037109e-01
4.402478933334350586e-01
-7.946069836616516113e-01
7.506457567214965820e-01
-3.318277597427368164e-01
8.816307783126831055e-01
1.395668834447860718e-01
-2.679349184036254883e-01
-2.316682934761047363e-01
-5.450051426887512207e-01
-1.471610665321350098e-01
-4.819763451814651489e-02
-1.824508458375930786e-01
-1.078733086585998535e+00
4.459398612380027771e-02
-3.955281674861907959e-01
-1.788460761308670044e-01
-9.502767026424407959e-02
6.156120896339416504e-01
2.483485341072082520e-01
2.415343374013900757e-01
-5.966787934303283691e-01
-7.684563845396041870e-02
-9.648380875587463379e-01
-6.314051151275634766e-01
-2.153496295213699341e-01
-4.670947790145874023e-01
3.844514191150665283e-01
-9.142296314239501953e-01
-2.123662829399108887e-01
2.685093879699707031e-01
4.652544483542442322e-02
2.876830101013183594e-01
4.271788895130157471e-01
5.631875991821289062e-02
3.040216863155364990e-01
-1.008175462484359741e-01
-4.885122776031494141e-01
-1.224873542785644531e+00
9.282563924789428711e-01
-2.828236222267150879e-01
-7.452913522720336914e-01
-4.163368344306945801e-01
4.891917407512664795e-01
-1.241739243268966675e-01
