-2.654657363891601562e-01
-1.924390345811843872e-02
2.950030267238616943e-01
1.220800951123237610e-01
-1.953124850988388062e-01
1.678697317838668823e-01
-4.584360122680664062e-01
2.792142927646636963e-01
-5.215767621994018555e-01
-6.520047038793563843e-02
2.009077221155166626e-01
-3.506263196468353271e-01
-4.552165269851684570e-01
2.582112252712249756e-01
2.116011530160903931e-01
-4.171735346317291260e-01
-6.699618101119995117e-01
1.365294456481933594e-01
-1.128317341208457947e-01
-1.350625306367874146e-01
3.585503101348876953e-01
-1.860840469598770142e-01
-6.037077307701110840e-01
3.045926988124847412e-01
-6.315407752990722656e-01
6.252158433198928833e-02
-4.364522397518157959e-01
1.695593073964118958e-02
5.346608757972717285e-01
-4.729916751384735107e-01
-4.801013469696044922e-01
1.352361738681793213e-01
1.454049348831176758e-01
1.778201460838317871e-01
1.381233632564544678e-01
4.285289049148559570e-01
3.567191362380981445e-01
3.022994995117187500e-01
1.114473864436149597e-01
1.307624429464340210e-01
-2.058593779802322388e-01
-2.791721001267433167e-02
2.659586071968078613e-01
-7.418242841958999634e-02
2.006750255823135376e-01
2.677041888236999512e-01
9.390975534915924072e-02
5.045791268348693848e-01
5.518810749053955078e-01
3.488021492958068848e-01
-1.295574754476547241e-01
2.855243980884552002e-01
4.434082806110382080e-01
6.376078724861145020e-01
1.549689024686813354e-01
-2.411916106939315796e-01
1.750229895114898682e-01
-3.070357143878936768e-01
2.113977372646331787e-01
3.147994577884674072e-01
-4.627568274736404419e-02
5.999265909194946289e-01
4.845860600471496582e-02
-1.140538975596427917e-01
-2.984560728073120117e-01
5.726596117019653320e-01
-3.363748788833618164e-01
-6.561479717493057251e-02
-2.822401523590087891e-01
-2.395847588777542114e-01
1.516325175762176514e-01
2.137136459350585938e-01
-5.449671745300292969e-01
-3.842008113861083984e-01
4.197681546211242676e-01
-4.664666056632995605e-01
1.437271982431411743e-01
-2.467607520520687103e-02
4.118722379207611084e-01
5.323008298873901367e-01
-1.508850306272506714e-01
-4.698745012283325195e-01
-4.490426182746887207e-01
-2.274807542562484741e-02
5.675414204597473145e-01
-1.027803182601928711e+00
6.583597660064697266e-01
-1.957432627677917480e-01
1.299822703003883362e-02
-2.100749313831329346e-01
-8.476372808218002319e-02
-1.874521374702453613e-01
-2.272812724113464355e-01
-2.271818220615386963e-01
7.550359964370727539e-01
-3.572807610034942627e-01
-9.391334652900695801e-01
-5.589171312749385834e-03
-9.763685986399650574e-03
-3.772186934947967529e-01
-2.231607586145401001e-01
1.037454366683959961e+00
1.621580272912979126e-01
1.195421218872070312e-01
2.180400192737579346e-01
-4.613089188933372498e-02
-2.759243249893188477e-01
-4.150062203407287598e-01
-8.475757390260696411e-02
-5.571704506874084473e-01
8.660483360290527344e-01
-6.308650970458984375e-01
-4.294806122779846191e-01
2.864423692226409912e-01
-3.967618644237518311e-01
3.183164298534393311e-01
2.156112194061279297e-01
-2.706938385963439941e-01
3.376599550247192383e-01
8.877282738685607910e-01
-6.842049360275268555e-01
-3.179142773151397705e-01
4.985335171222686768e-01
-1.044954806566238403e-01
-6.530140042304992676e-01
-2.946300804615020752e-01
8.420768380165100098e-02
3.687081858515739441e-02
