2.666202485561370850e-01
2.394025474786758423e-01
2.745300233364105225e-01
7.008241862058639526e-02
1.572095155715942383e-01
-2.190101742744445801e-01
1.146786957979202271e-01
2.940044105052947998e-01
1.629895903170108795e-02
-1.612424403429031372e-01
-1.278455108404159546e-01
-1.076039597392082214e-01
-1.939157247543334961e-01
-2.723701894283294678e-01
2.840928435325622559e-01
-2.863200604915618896e-01
1.504011154174804688e-01
3.814858496189117432e-01
2.720891535282135010e-01
-2.636152207851409912e-01
-2.818529009819030762e-01
4.192112982273101807e-01
1.222136095166206360e-01
1.088043395429849625e-02
-2.096090167760848999e-01
2.155339568853378296e-01
3.964474890381097794e-03
4.878819286823272705e-01
-9.135872125625610352e-02
9.123247861862182617e-02
2.692696871235966682e-03
-6.022787839174270630e-02
2.598709985613822937e-02
-1.007331535220146179e-01
-6.673355400562286377e-02
8.263316005468368530e-02
4.198639839887619019e-02
3.329949378967285156e-01
-2.065451443195343018e-02
-4.962123930454254150e-02
2.885764241218566895e-01
3.150164484977722168e-01
-3.711086809635162354e-01
-6.785277277231216431e-02
2.143976688385009766e-01
2.074931114912033081e-01
3.130797743797302246e-01
-8.364637196063995361e-02
-3.505753725767135620e-02
1.156997010111808777e-01
1.456511169672012329e-01
1.555573344230651855e-01
1.898279786109924316e-01
2.774050645530223846e-02
2.809702754020690918e-01
5.079983472824096680e-01
-3.235478997230529785e-01
-3.175497055053710938e-01
1.202378123998641968e-01
1.804758459329605103e-01
3.419719040393829346e-01
1.914966851472854614e-01
1.607306897640228271e-01
4.009126722812652588e-01
-1.589512228965759277e-01
2.745338380336761475e-01
3.097964636981487274e-02
-8.346922695636749268e-02
2.293488979339599609e-01
-3.125059306621551514e-01
-3.892779946327209473e-01
-2.007857114076614380e-01
-1.330820769071578979e-01
-9.165388345718383789e-02
1.508238911628723145e-01
1.571461558341979980e-01
-5.183160305023193359e-02
9.763834066689014435e-03
-1.001116260886192322e-01
3.302442133426666260e-01
-4.220879673957824707e-01
2.476630210876464844e-01
3.485241234302520752e-01
2.480113208293914795e-01
-1.651911810040473938e-02
-1.200697645545005798e-01
5.108680129051208496e-01
-5.151336789131164551e-01
3.206474483013153076e-01
1.324945688247680664e-01
-7.896130532026290894e-02
-7.591518014669418335e-02
-5.394409298896789551e-01
-2.816169857978820801e-01
3.417962789535522461e-01
-3.481680154800415039e-01
4.239171743392944336e-02
-1.994308978319168091e-01
7.112416625022888184e-02
1.410906296223402023e-02
-5.793116092681884766e-01
4.543683528900146484e-01
3.260964155197143555e-01
-1.660280227661132812e-01
-3.986143171787261963e-01
3.182568252086639404e-01
-2.620670795440673828e-01
-2.235119938850402832e-01
-9.127354621887207031e-02
-7.086761295795440674e-02
-8.142298460006713867e-02
-1.227665320038795471e-02
1.753299832344055176e-01
4.094392955303192139e-01
-2.761610150337219238e-01
6.310511380434036255e-02
-7.110226899385452271e-02
1.443795710802078247e-01
3.258346319198608398e-01
4.638804197311401367e-01
-4.177249670028686523e-01
3.645240068435668945e-01
6.129211783409118652e-01
5.974407196044921875e-01
-1.873326003551483154e-01
-2.403930947184562683e-02
-6.485769748687744141e-01
-8.455160260200500488e-01
