1.954081803560256958e-01
-1.717546582221984863e-01
4.157990813255310059e-01
-1.218236386775970459e-01
-4.211471080780029297e-01
-9.329058229923248291e-02
3.393590217456221581e-03
1.200823113322257996e-01
-2.081478834152221680e-01
-1.192774344235658646e-02
3.310722708702087402e-01
-2.182191461324691772e-01
-2.506259977817535400e-01
-8.942610770463943481e-02
2.173615396022796631e-01
-2.133787870407104492e-01
3.790312632918357849e-02
2.296567521989345551e-02
1.904311478137969971e-01
-1.054758131504058838e-01
6.001428887248039246e-02
9.315378218889236450e-02
3.207355439662933350e-01
4.436966031789779663e-02
-1.772427409887313843e-01
2.231755703687667847e-01
1.192884966731071472e-01
-1.207922697067260742e-01
-4.800921678543090820e-02
-2.237387150526046753e-01
-2.340675145387649536e-01
-1.786881685256958008e-01
-2.135548442602157593e-01
1.291171927005052567e-02
-1.635231673717498779e-01
-2.171665132045745850e-01
-1.672343909740447998e-01
2.659340798854827881e-01
3.685320913791656494e-01
-2.622821927070617676e-01
5.986705655232071877e-04
4.189338088035583496e-01
-1.891855299472808838e-01
1.145278736948966980e-01
2.392629384994506836e-01
1.093714833259582520e-01
1.877944022417068481e-01
-1.049104854464530945e-01
1.856394112110137939e-01
3.104404918849468231e-02
2.340438365936279297e-01
9.592893719673156738e-02
3.260278701782226562e-01
1.130651608109474182e-01
5.111078619956970215e-01
3.939411044120788574e-01
1.518656909465789795e-01
8.363476023077964783e-03
1.317061334848403931e-01
8.633553981781005859e-02
8.847158402204513550e-02
9.041564166545867920e-02
2.884291410446166992e-01
-1.710589677095413208e-01
-5.542682949453592300e-03
-7.025688141584396362e-02
-1.696051657199859619e-02
-1.479367017745971680e-01
1.204730644822120667e-01
-3.414791226387023926e-01
-9.557430446147918701e-02
-1.464315205812454224e-01
-4.812747240066528320e-01
9.481582790613174438e-02
-1.387043744325637817e-01
-3.916348516941070557e-01
1.210037842392921448e-01
1.128075420856475830e-01
8.019544184207916260e-03
5.740811824798583984e-01
4.452051967382431030e-02
7.603061385452747345e-03
3.616052567958831787e-01
5.017094612121582031e-01
1.912527680397033691e-01
2.292634993791580200e-01
4.979280829429626465e-01
-3.139744699001312256e-01
2.064402401447296143e-01
2.277356982231140137e-01
5.922285839915275574e-02
-3.383744060993194580e-01
-1.506648659706115723e-01
1.468535661697387695e-01
2.903939783573150635e-01
-3.030150234699249268e-01
-4.358549714088439941e-01
-5.169950127601623535e-01
-8.571329712867736816e-02
-2.716756165027618408e-01
-9.447408467531204224e-02
-1.925629675388336182e-01
4.109676480293273926e-01
-2.477663755416870117e-01
-1.494039222598075867e-02
-2.120487764477729797e-02
-5.201339721679687500e-02
-1.320252269506454468e-01
1.020603924989700317e-01
-5.402826070785522461e-01
9.745417535305023193e-02
-2.258371934294700623e-02
2.532209753990173340e-01
7.315973937511444092e-02
9.887408465147018433e-02
-4.106386005878448486e-02
9.309409558773040771e-02
8.726565539836883545e-02
-1.991439759731292725e-01
1.407761275768280029e-01
-3.634449839591979980e-01
-1.125788167119026184e-01
1.356403976678848267e-01
1.804932355880737305e-01
-1.031274273991584778e-01
-2.237395495176315308e-01
-1.538063734769821167e-01
-1.975761353969573975e-01
