3.801890313625335693e-01
-1.153042092919349670e-01
7.469729781150817871e-01
-5.598766207695007324e-01
4.198580980300903320e-01
-4.113867282867431641e-01
-8.709038048982620239e-02
-1.591702252626419067e-01
9.733575582504272461e-02
6.709001660346984863e-01
3.163016140460968018e-01
-2.176072746515274048e-01
2.622855082154273987e-02
-2.269141376018524170e-01
4.065011143684387207e-01
-5.351698994636535645e-01
1.210160553455352783e-02
1.348674148321151733e-01
3.706571459770202637e-01
-5.247110128402709961e-01
2.138569504022598267e-01
-9.078213572502136230e-02
9.023719280958175659e-02
-2.201164066791534424e-01
2.694079875946044922e-01
3.289413452148437500e-01
-1.417435258626937866e-01
-1.002944707870483398e-01
-4.944245889782905579e-02
1.339505314826965332e-01
-6.208273172378540039e-01
5.228403806686401367e-01
-2.862366437911987305e-01
7.886081933975219727e-02
-2.336419746279716492e-02
-4.499150812625885010e-01
8.708292245864868164e-02
1.989383995532989502e-01
-1.599103510379791260e-01
-4.523517787456512451e-01
4.000675305724143982e-02
4.125734567642211914e-01
-5.838112533092498779e-02
-1.006096601486206055e-01
-4.758993536233901978e-02
4.358067810535430908e-01
6.229339912533760071e-02
-1.799445897340774536e-01
-5.871392488479614258e-01
8.726252913475036621e-01
4.092852175235748291e-01
-8.041485548019409180e-01
-1.055821180343627930e-01
-1.679276078939437866e-01
2.113765478134155273e-01
2.612819075584411621e-01
-3.874231576919555664e-01
-7.602000236511230469e-01
-1.701092720031738281e-01
8.362784981727600098e-02
5.965851545333862305e-01
2.039199471473693848e-01
5.179228261113166809e-02
-1.495860517024993896e-01
-3.730926513671875000e-01
3.878061100840568542e-02
2.381223998963832855e-02
-3.661856055259704590e-01
2.037269026041030884e-01
-1.840260922908782959e-01
-1.073765605688095093e-01
2.448597997426986694e-01
1.552648246288299561e-01
-3.937288820743560791e-01
4.575640857219696045e-01
3.882992863655090332e-01
-3.180072009563446045e-01
1.926362887024879456e-02
-4.260179400444030762e-01
3.522839248180389404e-01
-3.643672466278076172e-01
1.264016702771186829e-02
1.237690225243568420e-01
5.573001503944396973e-01
1.712950319051742554e-01
-4.358024001121520996e-01
3.482134044170379639e-01
-8.569992184638977051e-01
2.871190309524536133e-01
-3.342106342315673828e-01
-1.774021387100219727e-01
-3.969671726226806641e-01
-2.897667586803436279e-01
-1.431996673345565796e-01
5.638496279716491699e-01
-7.769010961055755615e-02
1.062656521797180176e+00
-5.115294456481933594e-01
-7.152494788169860840e-02
-4.487990438938140869e-01
-2.146608829498291016e-01
3.785503208637237549e-01
4.873436391353607178e-01
3.142988085746765137e-01
-7.375048398971557617e-01
5.090101361274719238e-01
-1.677723824977874756e-01
-1.631814241409301758e-01
-2.382689714431762695e-01
2.851868867874145508e-01
-5.441137552261352539e-01
-1.525543183088302612e-01
-1.392411589622497559e-01
3.010022640228271484e-01
-1.895090341567993164e-01
-1.552921533584594727e-01
-1.574868112802505493e-01
6.101225018501281738e-01
2.989867329597473145e-01
6.046255230903625488e-01
-2.144341915845870972e-01
2.216071784496307373e-01
1.355113536119461060e-01
5.220956206321716309e-01
-6.038674339652061462e-02
-2.904568314552307129e-01
-3.511761128902435303e-01
-9.248684048652648926e-01
