5.553724169731140137e-01
-1.557343751192092896e-01
6.170543432235717773e-01
7.165203243494033813e-02
-4.970491230487823486e-01
-3.230890631675720215e-02
3.835704410448670387e-04
1.688065193593502045e-02
-2.098617516458034515e-02
4.458134472370147705e-01
4.693863689899444580e-01
-1.951588839292526245e-01
-3.827838003635406494e-01
4.001589119434356689e-01
4.652166664600372314e-01
-3.513581752777099609e-01
-2.955167889595031738e-01
4.922817051410675049e-01
6.968854367733001709e-02
-3.104062080383300781e-01
-4.939001519232988358e-03
-1.759784482419490814e-02
2.435931563377380371e-02
-2.558597028255462646e-01
-6.751576662063598633e-01
8.838709443807601929e-02
-4.091269895434379578e-02
-1.502890139818191528e-01
-2.951021790504455566e-01
-2.190758138895034790e-01
-3.130132853984832764e-01
-9.146265685558319092e-02
-4.169402644038200378e-02
2.124906331300735474e-01
-1.404156982898712158e-01
9.322246909141540527e-02
4.423981308937072754e-01
9.952726773917675018e-03
1.719281226396560669e-01
4.593877792358398438e-01
-4.949761554598808289e-02
-9.788265824317932129e-02
7.172366976737976074e-02
2.589716613292694092e-01
3.556643053889274597e-02
-1.123086363077163696e-01
-3.712978586554527283e-02
-7.923281788825988770e-01
2.955348193645477295e-01
1.915079355239868164e-02
1.062569171190261841e-01
1.393080800771713257e-01
5.289140343666076660e-01
9.680655598640441895e-02
-2.827335335314273834e-02
2.306737452745437622e-01
5.556285977363586426e-01
-9.899653494358062744e-02
-6.116110831499099731e-02
3.111958317458629608e-02
2.854407131671905518e-01
-2.506162226200103760e-01
8.252646774053573608e-02
-2.420214414596557617e-01
-3.530701696872711182e-01
-8.973015844821929932e-02
-2.438324689865112305e-01
4.392820000648498535e-01
1.946102976799011230e-01
-7.721830010414123535e-01
4.503547772765159607e-02
-1.712789088487625122e-01
-4.308743476867675781e-01
1.037046834826469421e-01
5.232003331184387207e-01
-7.948560640215873718e-03
1.443108022212982178e-01
2.018863707780838013e-01
-1.760803163051605225e-01
6.028043627738952637e-01
8.982265740633010864e-02
-6.127579510211944580e-02
2.054683864116668701e-01
6.809176802635192871e-01
5.454900115728378296e-02
-3.157415613532066345e-02
9.526981413364410400e-02
-5.943190455436706543e-01
3.549900949001312256e-01
3.689485192298889160e-01
-2.872188389301300049e-01
-3.406049907207489014e-01
-5.208511278033256531e-02
-2.894546389579772949e-01
3.893294930458068848e-01
-2.185101509094238281e-01
-6.276391744613647461e-01
-6.054339408874511719e-01
-2.944656610488891602e-01
1.503302454948425293e-01
-5.274360775947570801e-01
2.365050166845321655e-01
1.320793181657791138e-01
-9.347306936979293823e-02
4.354512691497802734e-01
8.197124302387237549e-02
-6.421346068382263184e-01
-9.693469852209091187e-02
4.201032221317291260e-01
-4.297343194484710693e-01
8.165390044450759888e-02
-2.146389186382293701e-01
1.528109610080718994e-01
5.124104022979736328e-01
-1.024998053908348083e-01
4.176201522350311279e-01
9.824780747294425964e-03
1.633750945329666138e-01
-2.551244497299194336e-01
1.886080801486968994e-01
-8.071055263280868530e-02
1.679431945085525513e-01
-4.642514884471893311e-01
7.516667246818542480e-02
-2.950729727745056152e-01
-7.932464480400085449e-01
-3.761161491274833679e-02
-1.357392668724060059e-01
