-2.564789652824401855e-01
2.112015038728713989e-01
1.940204650163650513e-01
-3.160761203616857529e-03
-2.683154642581939697e-01
-9.624329954385757446e-02
8.567769080400466919e-03
-2.074608355760574341e-01
5.259322375059127808e-02
-4.041418731212615967e-01
2.057826370000839233e-01
5.515022277832031250e-01
1.761480234563350677e-02
4.039483964443206787e-01
5.346860736608505249e-02
-5.270550251007080078e-01
-1.981766819953918457e-01
2.619217038154602051e-01
-4.503917396068572998e-01
7.829661667346954346e-02
1.119396388530731201e-01
3.404846414923667908e-02
1.088392436504364014e-01
-6.108092069625854492e-01
-2.363371998071670532e-01
-2.011812329292297363e-01
4.954593777656555176e-01
2.113653123378753662e-01
-1.717631220817565918e-01
-2.136685848236083984e-01
-8.344724774360656738e-01
-3.038695156574249268e-01
-2.164207547903060913e-01
-1.187484804540872574e-02
-2.381082624197006226e-01
-4.111523926258087158e-01
2.972058355808258057e-01
2.901729047298431396e-01
2.524141073226928711e-01
-6.142720580101013184e-01
-4.064685702323913574e-01
6.740351915359497070e-01
-7.073306441307067871e-01
-2.772710025310516357e-01
3.972652256488800049e-01
8.037094026803970337e-02
-3.872698545455932617e-01
4.346337914466857910e-02
3.375213742256164551e-01
-4.295041784644126892e-02
2.119228392839431763e-01
-1.588174253702163696e-01
4.973706603050231934e-01
3.654413521289825439e-01
4.089580774307250977e-01
6.158627271652221680e-01
9.452194720506668091e-02
-2.324409037828445435e-01
-5.979464054107666016e-01
1.288549453020095825e-01
-4.184902459383010864e-02
1.460283398628234863e-01
-2.678445577621459961e-01
-7.811474800109863281e-02
-1.266866028308868408e-01
2.882031798362731934e-01
-6.836784537881612778e-03
2.131061106920242310e-01
6.518117338418960571e-02
2.106599956750869751e-01
-4.565763175487518311e-01
3.190251886844635010e-01
-3.603488802909851074e-01
-2.013524499488994479e-04
-2.401265501976013184e-01
-4.856567084789276123e-01
-1.837046593427658081e-01
-5.879014730453491211e-02
5.677928924560546875e-01
9.985107779502868652e-01
1.724354177713394165e-01
-2.212158292531967163e-01
5.873033404350280762e-01
4.260836541652679443e-01
-5.806286334991455078e-01
-4.180966019630432129e-01
3.039304614067077637e-01
-2.587468028068542480e-01
-2.621283233165740967e-01
2.758892476558685303e-01
-1.344518214464187622e-01
1.346935145556926727e-02
-9.483648091554641724e-02
4.564075917005538940e-02
4.759467840194702148e-01
-8.822467327117919922e-01
-6.583897471427917480e-01
-9.696394801139831543e-01
-4.379461705684661865e-01
-3.430346548557281494e-01
4.313896596431732178e-01
2.858439087867736816e-01
3.918290510773658752e-02
-3.490024209022521973e-01
4.378537461161613464e-02
-2.101905941963195801e-01
-3.724233508110046387e-01
-6.641337275505065918e-01
6.964294910430908203e-01
-4.441102743148803711e-01
-2.278344705700874329e-02
-2.432262003421783447e-01
-1.800090074539184570e-01
4.150714874267578125e-01
-3.298659250140190125e-02
-1.436413228511810303e-01
3.439445793628692627e-02
8.671618252992630005e-02
5.210732221603393555e-01
6.361881494522094727e-01
-2.614611200988292694e-02
-2.481049001216888428e-01
-1.887678653001785278e-01
3.277620673179626465e-01
1.040271297097206116e-01
-4.715033769607543945e-01
3.809860907495021820e-03
-2.443597912788391113e-01
