4.233486652374267578e-01
8.087038248777389526e-02
2.846668958663940430e-01
6.833432614803314209e-02
-1.226531714200973511e-01
-2.115114778280258179e-01
7.066859304904937744e-02
9.407320059835910797e-03
-1.649235934019088745e-01
-6.811635941267013550e-02
-5.846504122018814087e-02
-3.696864843368530273e-02
-2.578826546669006348e-01
3.256684914231300354e-02
2.486912719905376434e-02
-3.789649903774261475e-01
-1.710795164108276367e-01
2.784795463085174561e-01
1.665914803743362427e-01
-3.426287770271301270e-01
-2.342260777950286865e-01
2.927419245243072510e-01
-1.677119173109531403e-02
-1.218557730317115784e-01
-1.754757314920425415e-01
1.757347770035266876e-02
4.288176819682121277e-02
-2.511803619563579559e-02
2.325108498334884644e-01
-3.568842113018035889e-01
-3.185405135154724121e-01
4.690206050872802734e-02
-1.124040558934211731e-01
-6.636507064104080200e-02
1.574675552546977997e-02
-6.460354328155517578e-01
3.993990272283554077e-02
5.395364165306091309e-01
2.722952365875244141e-01
-1.789999455213546753e-01
1.636732518672943115e-01
2.226964682340621948e-01
-3.928945064544677734e-01
5.556895211338996887e-02
4.244846999645233154e-01
3.254263401031494141e-01
-5.281028524041175842e-02
-4.163134098052978516e-01
-5.192994698882102966e-02
-1.428905874490737915e-01
1.840950846672058105e-01
1.098413914442062378e-01
2.937757670879364014e-01
8.792947977781295776e-02
1.640725284814834595e-01
5.906133055686950684e-01
-2.466278150677680969e-02
5.757915787398815155e-03
1.115499362349510193e-01
-5.277458429336547852e-01
8.501294255256652832e-02
-3.349284455180168152e-02
7.113989442586898804e-02
1.145630553364753723e-01
1.261201314628124237e-02
3.165013715624809265e-02
-1.494099497795104980e-01
4.454107582569122314e-01
5.197929143905639648e-01
-6.494345068931579590e-01
3.284299373626708984e-01
4.683037474751472473e-02
-3.198740482330322266e-01
-1.137734651565551758e-01
-2.416902482509613037e-01
-3.675039410591125488e-01
1.847838312387466431e-01
3.245310485363006592e-01
-2.855098620057106018e-02
3.123381137847900391e-01
1.450230181217193604e-01
9.414542466402053833e-02
2.487523294985294342e-02
2.467862963676452637e-01
4.406749829649925232e-02
6.955228745937347412e-02
7.583518624305725098e-01
-4.428193867206573486e-01
5.978427529335021973e-01
1.946192830801010132e-01
-2.491466850042343140e-01
-2.509962320327758789e-01
-1.262375712394714355e-01
-1.744729429483413696e-01
5.227634906768798828e-01
-3.677027523517608643e-01
-5.029616951942443848e-01
-5.081377029418945312e-01
4.857686534523963928e-02
-1.257969588041305542e-01
-1.058868020772933960e-01
4.748100787401199341e-02
4.608048498630523682e-01
-2.473189979791641235e-01
-2.034264355897903442e-01
2.583320140838623047e-01
-2.145168930292129517e-01
-2.307083010673522949e-01
1.995833218097686768e-01
-4.470480978488922119e-01
5.727023482322692871e-01
-2.641108632087707520e-01
3.650945425033569336e-01
5.181652680039405823e-02
-2.216432839632034302e-01
-7.712025940418243408e-02
4.089549779891967773e-01
5.077273249626159668e-01
9.641842544078826904e-02
6.032754182815551758e-01
-3.022657334804534912e-01
-9.175024181604385376e-02
3.195129334926605225e-01
4.106044769287109375e-01
-1.224319934844970703e-01
-4.876256734132766724e-02
1.781821548938751221e-01
4.471682012081146240e-02
