-1.186240464448928833e-02
-4.320060312747955322e-01
-4.879463315010070801e-01
-3.507088720798492432e-01
-5.595355033874511719e-01
-1.515961587429046631e-01
-4.009413123130798340e-01
2.940359711647033691e-01
-4.467484056949615479e-01
-5.455981492996215820e-01
2.884602546691894531e-01
-3.509091436862945557e-01
-2.545345202088356018e-02
-3.205763995647430420e-01
-1.485036127269268036e-02
-4.425220787525177002e-01
-9.261011146008968353e-03
1.916206032037734985e-01
3.721017017960548401e-02
-1.301992833614349365e-01
3.870224654674530029e-01
-3.715860843658447266e-01
4.165647551417350769e-03
-5.616355314850807190e-02
-4.709403216838836670e-01
-1.409930437803268433e-01
8.807138800621032715e-01
-2.276134043931961060e-01
-2.593119144439697266e-01
-3.208115696907043457e-01
-2.669122517108917236e-01
3.917333781719207764e-01
-1.685032695531845093e-01
7.433263957500457764e-02
-3.843672946095466614e-02
3.103218078613281250e-01
-4.655597209930419922e-01
-2.549053430557250977e-01
-3.476605564355850220e-02
-3.036325275897979736e-01
-5.128498673439025879e-01
1.120058521628379822e-01
-1.231484860181808472e-01
-1.985010802745819092e-01
9.418697655200958252e-02
-5.589278340339660645e-01
2.650065124034881592e-01
3.603596612811088562e-02
6.563495099544525146e-02
-1.143432632088661194e-01
2.098235040903091431e-01
-1.074361354112625122e-01
-2.229943126440048218e-01
2.302230745553970337e-01
2.141223251819610596e-01
1.803585588932037354e-01
-2.572976946830749512e-01
2.687103748321533203e-01
3.797777369618415833e-02
-1.079580858349800110e-01
2.638885676860809326e-01
3.517445623874664307e-01
6.564154624938964844e-01
2.081129141151905060e-02
-3.547511994838714600e-01
-6.990460306406021118e-02
1.739956736564636230e-01
-1.975242234766483307e-02
-7.821128517389297485e-02
-1.059363931417465210e-01
5.128069519996643066e-01
2.072141692042350769e-02
-6.217260956764221191e-01
-1.069218441843986511e-01
1.822361499071121216e-01
-9.820985049009323120e-02
3.287371397018432617e-01
4.784182012081146240e-01
3.770340234041213989e-02
8.138567805290222168e-01
-1.338374167680740356e-01
-7.606600224971771240e-02
3.975686728954315186e-01
-8.214930072426795959e-03
4.055425152182579041e-02
-5.365990400314331055e-01
2.795198559761047363e-01
-1.684879064559936523e-01
-6.923946142196655273e-01
3.541116714477539062e-01
-2.353947609663009644e-01
-5.987722054123878479e-02
-9.140300750732421875e-01
-2.655191421508789062e-01
3.977313935756683350e-01
-5.334903597831726074e-01
-1.597171127796173096e-01
-4.168401062488555908e-01
9.096641838550567627e-02
6.915234029293060303e-02
-2.801524400711059570e-01
3.907335102558135986e-01
3.804367482662200928e-01
-4.921293817460536957e-03
2.127100676298141479e-01
-2.074929028749465942e-01
-9.979169815778732300e-03
-3.003706932067871094e-01
5.989221930503845215e-01
-5.786847472190856934e-01
3.085711300373077393e-01
-1.700980239547789097e-03
-4.359512589871883392e-03
4.148449599742889404e-01
-5.113274455070495605e-01
2.205427736043930054e-01
1.677674055099487305e-01
4.806430041790008545e-01
4.787996038794517517e-02
8.154079914093017578e-01
-1.166539788246154785e+00
-1.785865724086761475e-01
-1.313039474189281464e-02
1.566070131957530975e-02
1.689201444387435913e-01
-8.383901417255401611e-02
-3.876834511756896973e-01
-4.155008494853973389e-01
