-4.239982664585113525e-01
-1.855925843119621277e-02
-3.265335224568843842e-03
-4.975683689117431641e-01
1.544877141714096069e-01
-3.284775316715240479e-01
1.295552253723144531e-01
3.698804974555969238e-01
-9.778530001640319824e-01
-1.051243916153907776e-01
4.356712698936462402e-01
-1.978598237037658691e-01
-8.448886275291442871e-01
4.460500776767730713e-01
8.728086249902844429e-04
1.513312906026840210e-01
-2.155896425247192383e-01
2.784686386585235596e-01
-5.932535529136657715e-01
2.602820694446563721e-01
1.526722908020019531e-01
-4.455827474594116211e-01
4.686349630355834961e-01
3.947723209857940674e-01
-5.337009429931640625e-01
-7.538312077522277832e-01
4.190626088529825211e-03
2.783147394657135010e-01
1.870364099740982056e-01
6.647839546203613281e-01
-1.535238921642303467e-01
-5.737085342407226562e-01
-3.545275628566741943e-01
1.791172027587890625e-01
-2.637673020362854004e-01
2.877642214298248291e-01
-1.957979351282119751e-01
5.432974696159362793e-01
8.692498505115509033e-02
-5.109721422195434570e-01
-4.849386215209960938e-01
6.288718581199645996e-01
-2.504045069217681885e-01
-3.775878250598907471e-01
-2.770988643169403076e-01
4.342562258243560791e-01
-7.938975691795349121e-01
1.903856247663497925e-01
3.838070929050445557e-01
3.006420135498046875e-01
-4.905777573585510254e-01
3.592884242534637451e-01
-2.728992700576782227e-01
1.006827354431152344e+00
1.853024065494537354e-01
-7.416945695877075195e-02
-1.856305897235870361e-01
-5.598914623260498047e-01
1.713698953390121460e-01
-5.655380710959434509e-02
7.757303118705749512e-02
1.031967550516128540e-01
1.768736392259597778e-01
-5.381736904382705688e-02
3.405633568763732910e-01
7.978848367929458618e-02
-8.631866574287414551e-01
1.284518837928771973e-01
-1.104406341910362244e-01
2.030981332063674927e-01
-1.391791552305221558e-01
2.677577733993530273e-01
-4.861614480614662170e-02
-4.842013865709304810e-02
8.326153159141540527e-01
-2.599469423294067383e-01
2.963082194328308105e-01
1.935153603553771973e-01
-3.125454485416412354e-01
3.481469452381134033e-01
-2.826111316680908203e-01
1.495060138404369354e-02
-1.332291066646575928e-01
6.685506105422973633e-01
-1.051854621618986130e-02
-3.287236765027046204e-02
-1.649546176195144653e-01
-1.521648373454809189e-02
3.411306142807006836e-01
1.270032823085784912e-01
-3.473277390003204346e-01
-6.193493604660034180e-01
-5.376726984977722168e-01
-1.049893945455551147e-01
-4.366288781166076660e-01
-1.064072489738464355e+00
-2.615626752376556396e-01
-2.452476471662521362e-01
-3.753349184989929199e-01
4.035024344921112061e-01
-2.524822354316711426e-01
1.289128959178924561e-01
1.928018778562545776e-01
6.086565926671028137e-02
1.102487593889236450e-01
2.220309823751449585e-01
-3.923251926898956299e-01
-2.270764112472534180e-01
3.464942276477813721e-01
-6.466983556747436523e-01
9.171373248100280762e-01
6.796039938926696777e-01
-6.350207328796386719e-02
3.249985277652740479e-01
8.172173053026199341e-02
2.864394783973693848e-01
7.626111507415771484e-01
4.570906758308410645e-01
8.938899636268615723e-01
7.943053841590881348e-01
-4.962599575519561768e-01
1.379744410514831543e-01
-1.792853772640228271e-01
2.040737867355346680e-01
-6.274372339248657227e-01
-2.129700928926467896e-01
7.865985631942749023e-01
-4.463875666260719299e-02
